 13/05/91 CYME INTERNATIONAL    100.0 1991 S IEEE 300-BUS TEST SYSTEM
BUS DATA FOLLOWS                              300 ITEMS
   1  b1          1 1   0  1.0284   5.95   90.00   49.00      0.00     0.00 115.00  0.0000    0.00    0.00 0.0000  0.0000  0 1
   2  b2          1 1   0  1.0354   7.74   56.00   15.00      0.00     0.00 115.00  0.0000    0.00    0.00 0.0000  0.0000  0 2
   3  b3          1 1   0  0.9971   6.64   20.00    0.00      0.00     0.00 230.00  0.0000    0.00    0.00 0.0000  0.0000  0 3
   4  b4          1 1   0  1.0308   4.71    0.00    0.00      0.00     0.00 345.00  0.0000    0.00    0.00 0.0000  0.0000  0 4
   5  b5          1 1   0  1.0191   4.68  353.00  130.00      0.00     0.00 115.00  0.0000    0.00    0.00 0.0000  0.0000  0 5
   6  b6          1 1   0  1.0312   6.99  120.00   41.00      0.00     0.00 115.00  0.0000    0.00    0.00 0.0000  0.0000  0 6
   7  b7          1 1   0  0.9934   6.19    0.00    0.00      0.00     0.00 230.00  0.0000    0.00    0.00 0.0000  0.0000  0 7
   8  b8          1 1   2  1.0153   2.40   58.00   14.00     -5.00     0.00 115.00  1.0153   10.00  -10.00 0.0000  0.0000  8 8
   9  b9          1 1   0  1.0034   2.85   96.00   43.00      0.00     0.00 115.00  0.0000    0.00    0.00 0.0000  0.0000  0 9
  10  b10         1 1   2  1.0205   1.35  148.00   33.00     -5.00     0.00 230.00  1.0205   20.00  -20.00 0.0000  0.0000  10 10
  11  b11         1 1   0  1.0057   2.46   83.00   21.00      0.00     0.00 115.00  0.0000    0.00    0.00 0.0000  0.0000  0 11
  12  b12         1 1   0  0.9974   5.21    0.00    0.00      0.00     0.00 230.00  0.0000    0.00    0.00 0.0000  0.0000  0 12
  13  b13         1 1   0  0.9977  -0.55   58.00   10.00      0.00     0.00 115.00  0.0000    0.00    0.00 0.0000  0.0000  0 13
  14  b14         1 1   0  0.9991  -4.81  160.00   60.00      0.00     0.00 115.00  0.0000    0.00    0.00 0.0000  0.0000  0 14
  15  b15         1 1   0  1.0343  -8.59  126.70   23.00      0.00     0.00 115.00  0.0000    0.00    0.00 0.0000  0.0000  0 15
  16  b16         1 1   0  1.0315  -2.65    0.00    0.00      0.00     0.00 345.00  0.0000    0.00    0.00 0.0000  0.0000  0 16
  17  b17         1 1   0  1.0649 -13.10  561.00  220.00      0.00     0.00 115.00  0.0000    0.00    0.00 0.0000  0.0000  0 17
  18  b18         1 1   0  0.9820   1.08    0.00    0.00      0.00     0.00 230.00  0.0000    0.00    0.00 0.0000  0.0000  0 18
  19  b19         1 1   2  1.0010  -2.46  595.00  120.00    -10.00     0.00 115.00  1.0010   20.00  -20.00 0.0000  0.0000  20 19
  20  b20         1 1   0  0.9752   1.62   77.00    1.00      0.00     0.00 230.00  0.0000    0.00    0.00 0.0000  0.0000  0 20
  21  b21         1 1   0  0.9963  -1.97   81.00   23.00      0.00     0.00 115.00  0.0000    0.00    0.00 0.0000  0.0000  0 21
  22  b22         1 1   0  1.0501   3.94   21.00    7.00      0.00     0.00 115.00  0.0000    0.00    0.00 0.0000  0.0000  0 22
  23  b23         1 1   0  1.0057   6.02    0.00    0.00      0.00     0.00 230.00  0.0000    0.00    0.00 0.0000  0.0000  0 23
  24  b24         1 1   0  1.0234   1.44   45.00   12.00      0.00     0.00 115.00  0.0000    0.00    0.00 0.0000  0.0000  0 24
  25  b25         1 1   0  0.9986  -1.73   28.00    9.00      0.00     0.00 115.00  0.0000    0.00    0.00 0.0000  0.0000  0 25
  26  b26         1 1   0  0.9750  -4.90   69.00   13.00      0.00     0.00 115.00  0.0000    0.00    0.00 0.0000  0.0000  0 26
  27  b27         1 1   0  1.0244 -12.02   55.00    6.00      0.00     0.00 115.00  0.0000    0.00    0.00 0.0000  0.0000  0 27
  28  b28         1 1   0  1.0414  -7.94    0.00    0.00      0.00     0.00 345.00  0.0000    0.00    0.00 0.0000  0.0000  0 28
  29  b29         1 1   0  0.9757 -25.72    0.00    0.00      0.00     0.00 115.00  0.0000    0.00    0.00 0.0000  0.0000  0 29
  30  b30         1 1   0  1.0011 -22.59    0.00    0.00      0.00     0.00 230.00  0.0000    0.00    0.00 0.0000  0.0000  0 30
  31  b31         1 1   0  1.0201 -11.23   85.00   32.00      0.00     0.00 115.00  0.0000    0.00    0.00 0.0000  0.0000  0 31
  32  b32         1 1   0  1.0202 -12.56  155.00   18.00      0.00     0.00 115.00  0.0000    0.00    0.00 0.0000  0.0000  0 32
  33  b33         1 1   0  1.0535  -5.81    0.00    0.00      0.00     0.00 345.00  0.0000    0.00    0.00 0.0000  0.0000  0 33
  34  b34         1 1   0  1.0216 -12.78   46.00  -21.00      0.00     0.00 115.00  0.0000    0.00    0.00 0.0000  0.0000  0 34
  35  b35         1 1   0  1.0292 -10.45   86.00    0.00      0.00     0.00 115.00  0.0000    0.00    0.00 0.0000  0.0000  0 35
  36  b36         1 1   0  1.0448  -7.44    0.00    0.00      0.00     0.00 345.00  0.0000    0.00    0.00 0.0000  0.0000  0 36
  37  b37         1 1   0  1.0006 -16.79   39.00    9.00      0.00     0.00 115.00  0.0000    0.00    0.00 0.0000  0.0000  0 37
  38  b38         1 1   0  1.0086 -17.47  195.00   29.00      0.00     0.00 115.00  0.0000    0.00    0.00 0.0000  0.0000  0 38
  39  b39         1 1   0  1.0215 -14.74    0.00    0.00      0.00     0.00 230.00  0.0000    0.00    0.00 0.0000  0.0000  0 39
  40  b40         1 1   0  1.0344 -11.75    0.00    0.00      0.00     0.00 345.00  0.0000    0.00    0.00 0.0000  0.0000  0 40
  41  b41         1 1   0  0.9777 -23.17   58.00   11.80      0.00     0.00 115.00  0.0000    0.00    0.00 0.0000  0.0000  0 41
  42  b42         1 1   0  1.0019 -16.09   41.00   19.00      0.00     0.00 115.00  0.0000    0.00    0.00 0.0000  0.0000  0 42
  43  b43         1 1   0  1.0475  -2.95   92.00   26.00      0.00     0.00 115.00  0.0000    0.00    0.00 0.0000  0.0000  0 43
  44  b44         1 1   0  1.0253  -8.15   -5.00    5.00      0.00     0.00 115.00  0.0000    0.00    0.00 0.0000  0.0000  0 44
  45  b45         1 1   0  0.9979 -11.86   61.00   28.00      0.00     0.00 115.00  0.0000    0.00    0.00 0.0000  0.0000  0 45
  46  b46         1 1   0  0.9959 -17.60   69.00    3.00      0.00     0.00 115.00  0.0000    0.00    0.00 0.0000  0.0000  0 46
  47  b47         1 1   0  1.0050 -16.25   10.00    1.00      0.00     0.00 115.00  0.0000    0.00    0.00 0.0000  0.0000  0 47
  48  b48         1 1   0  1.0150 -12.21   22.00   10.00      0.00     0.00 115.00  0.0000    0.00    0.00 0.0000  0.0000  0 48
  49  b49         1 1   0  1.0335  -8.00   98.00   20.00      0.00     0.00 115.00  0.0000    0.00    0.00 0.0000  0.0000  0 49
  50  b50         1 1   0  0.9918  -5.99   14.00    1.00      0.00     0.00 115.00  0.0000    0.00    0.00 0.0000  0.0000  0 50
  51  b51         1 1   0  0.9789  -5.29  218.00  106.00      0.00     0.00 115.00  0.0000    0.00    0.00 0.0000  0.0000  0 51
  52  b52         1 1   0  1.0246  -9.56    0.00    0.00      0.00     0.00 230.00  0.0000    0.00    0.00 0.0000  0.0000  0 52
  53  b53         1 1   0  0.9906  -3.47  227.00  110.00      0.00     0.00 115.00  0.0000    0.00    0.00 0.0000  0.0000  0 53
  54  b54         1 1   0  1.0160  -1.10    0.00    0.00      0.00     0.00 230.00  0.0000    0.00    0.00 0.0000  0.0000  0 54
  55  b55         1 1   2  0.9583 -17.62   70.00   30.00      0.00     0.00 115.00  0.9583   25.00  -25.00 0.0000  0.0000  63 55
  56  b56         1 1   0  0.9480 -12.97    0.00    0.00      0.00     0.00 230.00  0.0000    0.00    0.00 0.0000  0.0000  0 56
  57  b57         1 1   0  0.9630 -25.66    0.00    0.00      0.00     0.00 115.00  0.0000    0.00    0.00 0.0000  0.0000  0 57
  58  b58         1 1   0  0.9513 -35.16   56.00   20.00      0.00     0.00 115.00  0.0000    0.00    0.00 0.0000  0.0000  0 58
  59  b59         1 1   0  0.9793 -29.88  116.00   38.00      0.00     0.00 115.00  0.0000    0.00    0.00 0.0000  0.0000  0 59
  60  b60         1 1   0  0.9696 -27.48   57.00   19.00      0.00     0.00 115.00  0.0000    0.00    0.00 0.0000  0.0000  0 60
  61  b61         1 1   0  0.9775 -25.77  224.00   71.00      0.00     0.00 115.00  0.0000    0.00    0.00 0.0000  0.0000  0 61
  62  b62         1 1   0  0.9964 -22.00    0.00    0.00      0.00     0.00 230.00  0.0000    0.00    0.00 0.0000  0.0000  0 62
  63  b63         1 1   2  0.9632 -26.54  208.00  107.00      0.00     0.00 115.00  0.9632   35.00   12.00 0.0000  0.0000  76 63
  64  b64         1 1   0  0.9837 -24.94   74.00   28.00      0.00     0.00 115.00  0.0000    0.00    0.00 0.0000  0.0000  0 64
  65  b65         1 1   0  0.9900 -24.05    0.00    0.00      0.00     0.00 115.00  0.0000    0.00    0.00 0.0000  0.0000  0 65
  66  b66         1 1   0  0.9820 -24.97   48.00   14.00      0.00     0.00 115.00  0.0000    0.00    0.00 0.0000  0.0000  0 66
  67  b67         1 1   0  0.9872 -24.97   28.00    7.00      0.00     0.00 115.00  0.0000    0.00    0.00 0.0000  0.0000  0 67
  68  b68         1 1   0  1.0340 -18.89    0.00    0.00      0.00     0.00 345.00  0.0000    0.00    0.00 0.0000  0.0000  0 68
  69  b69         1 1   2  1.0250 -17.16   37.00   13.00    375.00     0.00 115.00  1.0250  240.00 -240.00 0.0000  0.0000  84 69
  70  b70         1 1   0  0.9872 -17.68    0.00    0.00      0.00     0.00 230.00  0.0000    0.00    0.00 0.0000  0.0000  0 70
  71  b71         1 1   0  0.9909 -14.19    0.00    0.00      0.00     0.00 230.00  0.0000    0.00    0.00 0.0000  0.0000  0 71
  72  b72         1 1   0  0.9921  -7.77    0.00    0.00      0.00     0.00 230.00  0.0000    0.00    0.00 0.0000  0.0000  0 72
  73  b73         1 1   0  1.0151 -20.96    0.00    0.00      0.00     0.00 230.00  0.0000    0.00    0.00 0.0000  0.0000  0 73
  74  b74         1 1   0  1.0317 -11.13   44.20    0.00      0.00     0.00 115.00  0.0000    0.00    0.00 0.0000  0.0000  0 74
  75  b75         1 1   0  1.0272 -11.23   66.00    0.00      0.00     0.00 115.00  0.0000    0.00    0.00 0.0000  0.0000  0 75
  76  b76         1 1   2  1.0520  -9.40   17.40    0.00    155.00     0.00 115.00  1.0520   96.00  -11.00 0.0000  0.0000  91 76
  77  b77         1 1   2  1.0520  -6.20   15.80    0.00    290.00     0.00 115.00  1.0520  153.00 -153.00 0.0000  0.0000  92 77
  78  b78         1 1   0  0.9930  -9.42   60.30    0.00      0.00     0.00 115.00  0.0000    0.00    0.00 0.0000  0.0000  0 78
  79  b79         1 1   0  1.0183 -13.24   39.90    0.00      0.00     0.00 115.00  0.0000    0.00    0.00 0.0000  0.0000  0 79
  80  b80         1 1   2  1.0000 -14.60   66.70    0.00     68.00     0.00 115.00  1.0000   56.00  -30.00 0.0000  0.0000  98 80
  81  b81         1 1   0  0.9894 -20.27   83.50    0.00      0.00     0.00 115.00  0.0000    0.00    0.00 0.0000  0.0000  0 81
  82  b82         1 1   0  1.0060 -14.45    0.00    0.00      0.00     0.00 115.00  0.0000    0.00    0.00 0.0000  0.0000  0 82
  83  b83         1 1   0  1.0008 -15.23   77.80    0.00      0.00     0.00 115.00  0.0000    0.00    0.00 0.0000  0.0000  0 83
  84  b84         1 1   0  1.0288 -12.06   32.00    0.00      0.00     0.00 115.00  0.0000    0.00    0.00 0.0000  0.0000  0 84
  85  b85         1 1   0  0.9958 -17.33    8.60    0.00      0.00     0.00 115.00  0.0000    0.00    0.00 0.0000  0.0000  0 85
  86  b86         1 1   0  1.0223 -12.94   49.60    0.00      0.00     0.00 115.00  0.0000    0.00    0.00 0.0000  0.0000  0 86
  87  b87         1 1   0  1.0095 -16.03    4.60    0.00      0.00     0.00 115.00  0.0000    0.00    0.00 0.0000  0.0000  0 87
  88  b88         1 1   2  0.9900 -20.26  112.10    0.00    117.00     0.00 115.00  0.9900   77.00  -24.00 0.0000  0.0000  108 88
  89  b89         1 1   0  0.9749 -26.06   30.70    0.00      0.00     0.00 115.00  0.0000    0.00    0.00 0.0000  0.0000  0 89
  90  b90         1 1   0  0.9730 -24.72   63.00    0.00      0.00     0.00 115.00  0.0000    0.00    0.00 0.0000  0.0000  0 90
  91  b91         1 1   0  0.9725 -28.69   19.60    0.00      0.00     0.00 115.00  0.0000    0.00    0.00 0.0000  0.0000  0 91
  92  b92         1 1   0  0.9700 -25.38   26.20    0.00      0.00     0.00 115.00  0.0000    0.00    0.00 0.0000  0.0000  0 92
  93  b93         1 1   0  0.9747 -28.59   18.20    0.00      0.00     0.00 115.00  0.0000    0.00    0.00 0.0000  0.0000  0 93
  94  b94         2 2   0  0.9603 -13.57    0.00    0.00      0.00     0.00 115.00  0.0000    0.00    0.00 0.0000  0.0000  0 94
  95  b95         2 2   0  1.0249 -12.69    0.00    0.00      0.00     0.00 115.00  0.0000    0.00    0.00 0.0000  0.0000  0 95
  96  b96         2 2   0  0.9348  -4.72    0.00    0.00      0.00     0.00 115.00  0.0000    0.00    0.00 0.0000  3.2500  0 96
  97  b97         2 2   0  0.9298  -4.12   14.10  650.00      0.00     0.00 115.00  0.0000    0.00    0.00 0.0000  0.0000  0 97
  98  b98         2 2   2  1.0435   5.17    0.00    0.00   1930.00     0.00 115.00  1.0435 1500.00 -500.00 0.0000  0.0000  119 98
  99  b99         2 2   0  0.9584  -8.77  777.00  215.00      0.00     0.00 115.00  0.0000    0.00    0.00 0.0000  0.5500  0 99
 100  b100        2 2   0  0.9871 -12.64  535.00   55.00      0.00     0.00 115.00  0.0000    0.00    0.00 0.0000  0.0000  0 100
 101  b101        2 2   0  0.9728 -14.36  229.10   11.80      0.00     0.00 115.00  0.0000    0.00    0.00 0.0000  0.0000  0 101
 102  b102        2 2   0  1.0006 -17.64   78.00    1.40      0.00     0.00 115.00  0.0000    0.00    0.00 0.0000  0.0000  0 102
 103  b103        2 2   2  1.0233 -13.49  276.40   59.30    240.00     0.00 115.00  1.0233  120.00  -60.00 0.0000  0.0000  124 103
 104  b104        2 2   2  1.0103 -18.43  514.80   82.70      0.00     0.00 115.00  1.0103  200.00  -25.00 0.0000  0.0000  125 104
 105  b105        2 2   0  0.9978 -12.86   57.90    5.10      0.00     0.00 115.00  0.0000    0.00    0.00 0.0000  0.0000  0 105
 106  b106        2 2   0  1.0001 -10.52  380.80   37.00      0.00     0.00 230.00  0.0000    0.00    0.00 0.0000  0.0000  0 106
 107  b107        2 2   0  1.0024  -4.78    0.00    0.00      0.00     0.00 230.00  0.0000    0.00    0.00 0.0000  0.0000  0 107
 108  b108        2 2   0  1.0028  -4.40    0.00    0.00      0.00     0.00 230.00  0.0000    0.00    0.00 0.0000  0.0000  0 108
 109  b109        2 2   0  1.0191   5.56    0.00    0.00      0.00     0.00 230.00  0.0000    0.00    0.00 0.0000  0.0000  0 109
 110  b110        2 2   0  0.9861   6.06    0.00    0.00      0.00     0.00 230.00  0.0000    0.00    0.00 0.0000  0.0000  0 110
 111  b111        2 2   0  1.0045   3.04    0.00    0.00      0.00     0.00 230.00  0.0000    0.00    0.00 0.0000  0.0000  0 111
 112  b112        2 2   0  1.0020  -5.46    0.00    0.00      0.00     0.00 230.00  0.0000    0.00    0.00 0.0000  0.0000  0 112
 113  b113        2 2   0  1.0220  -8.04    0.00    0.00      0.00     0.00 230.00  0.0000    0.00    0.00 0.0000  0.0000  0 113
 114  b114        2 2   0  1.0193  -6.76  169.20   41.60      0.00     0.00 230.00  0.0000    0.00    0.00 0.0000  0.0000  0 114
 115  b115        2 2   0  1.0476   1.54   55.20   18.20      0.00     0.00 230.00  0.0000    0.00    0.00 0.0000  0.0000  0 115
 116  b116        2 2   0  1.0471  -1.45  273.60   99.80      0.00     0.00 230.00  0.0000    0.00    0.00 0.0000  0.0000  0 116
 117  b117        2 2   2  1.0550  -6.35  826.70  135.20   -192.50     0.00 230.00  1.0550  350.00 -125.00 0.0000  0.0000  138 117
 118  b118        2 2   0  1.0117  -3.57  595.00   83.30      0.00     0.00 115.00  0.0000    0.00    0.00 0.0000  0.0000  0 118
 119  b119        2 2   0  1.0430  -3.44  387.70  114.70      0.00     0.00 230.00  0.0000    0.00    0.00 0.0000  0.0000  0 119
 120  b120        2 2   2  1.0510   0.05  145.00   58.00    281.00     0.00 230.00  1.0510   75.00  -50.00 0.0000  0.0000  141 120
 121  b121        2 2   0  1.0155  -2.77   56.50   24.50      0.00     0.00 230.00  0.0000    0.00    0.00 0.0000  0.0000  0 121
 122  b122        2 2   2  1.0435   4.03   89.50   35.50    696.00     0.00 230.00  1.0435  300.00 -100.00 0.0000  0.0000  143 122
 123  b123        2 2   0  1.0160  -0.70    0.00    0.00      0.00     0.00 230.00  0.0000    0.00    0.00 0.0000  0.0000  0 123
 124  b124        2 2   0  1.0081  -0.16   24.00   14.00      0.00     0.00 230.00  0.0000    0.00    0.00 0.0000  0.0000  0 124
 125  b125        2 2   2  1.0528   4.32    0.00    0.00     84.00     0.00 230.00  1.0528   35.00  -15.00 0.0000  0.0000  146 125
 126  b126        2 2   2  1.0528   8.36    0.00    0.00    217.00     0.00 230.00  1.0528  100.00  -50.00 0.0000  0.0000  147 126
 127  b127        2 2   0  1.0577   0.28   63.00   25.00      0.00     0.00 230.00  0.0000    0.00    0.00 0.0000  0.0000  0 127
 128  b128        2 2   2  1.0735   5.23    0.00    0.00    103.00     0.00 230.00  1.0735   50.00  -25.00 0.0000  0.0000  149 128
 129  b129        2 2   0  0.9869   6.34    0.00    0.00      0.00     0.00 230.00  0.0000    0.00    0.00 0.0000  0.0000  0 129
 130  b130        2 2   0  1.0048   4.13    0.00    0.00      0.00     0.00 230.00  0.0000    0.00    0.00 0.0000  0.0000  0 130
 131  b131        2 2   2  1.0535   9.24   17.00    9.00    372.00     0.00 230.00  1.0535  175.00  -50.00 0.0000  0.0000  152 131
 132  b132        2 2   2  1.0435  10.46    0.00    0.00    216.00     0.00 230.00  1.0435   90.00  -50.00 0.0000  0.0000  153 132
 133  b133        2 2   0  0.9663  -1.80   70.00    5.00      0.00     0.00 115.00  0.0000    0.00    0.00 0.0000  0.3450  0 133
 134  b134        2 2   0  1.0177   6.75  200.00   50.00      0.00     0.00 230.00  0.0000    0.00    0.00 0.0000  0.0000  0 134
 135  b135        2 2   2  0.9630   5.15   75.00   50.00      0.00     0.00 115.00  0.9630   15.00  -10.00 0.0000  0.0000  156 135
 136  b136        2 2   0  0.9845 -11.93  123.50  -24.30      0.00     0.00 230.00  0.0000    0.00    0.00 0.0000  0.0000  0 136
 137  b137        2 2   0  0.9987 -11.40    0.00    0.00      0.00     0.00 230.00  0.0000    0.00    0.00 0.0000  0.0000  0 137
 138  b138        2 2   0  0.9867  -9.82   33.00   16.50      0.00     0.00 230.00  0.0000    0.00    0.00 0.0000  0.0000  0 138
 139  b139        2 2   0  0.9998 -12.55    0.00    0.00      0.00     0.00 230.00  0.0000    0.00    0.00 0.0000  0.0000  0 139
 140  b140        2 2   0  1.0360   8.85   35.00   15.00      0.00     0.00 230.00  0.0000    0.00    0.00 0.0000  0.0000  0 140
 141  b141        2 2   0  0.9918  18.50   85.00   24.00      0.00     0.00 230.00  0.0000    0.00    0.00 0.0000  0.0000  0 141
 142  b142        2 2   0  1.0410   2.91    0.00    0.40      0.00     0.00 230.00  0.0000    0.00    0.00 0.0000  0.0000  0 142
 143  b143        2 2   0  0.9839   9.66    0.00    0.00      0.00     0.00 230.00  0.0000    0.00    0.00 0.0000 -2.1200  0 143
 144  b144        2 2   0  1.0002  26.31    0.00    0.00      0.00     0.00 230.00  0.0000    0.00    0.00 0.0000  0.0000  0 144
 145  b145        2 2   0  0.9973  30.22    0.00    0.00      0.00     0.00 230.00  0.0000    0.00    0.00 0.0000 -1.0300  0 145
 146  b146        2 2   0  0.9715  -6.91  299.90   95.70      0.00     0.00 230.00  0.0000    0.00    0.00 0.0000  0.0000  0 146
 147  b147        2 2   0  1.0024  -4.80    0.00    0.00      0.00     0.00 230.00  0.0000    0.00    0.00 0.0000  0.0000  0 147
 148  b148        2 2   0  0.9879  -6.68    0.00    0.00      0.00     0.00 230.00  0.0000    0.00    0.00 0.0000  0.0000  0 148
 149  b149        2 2   2  0.9290   0.09  481.80  205.00    205.00     0.00 115.00  0.9290   90.00  -40.00 0.0000  0.0000  170 149
 150  b150        2 2   2  0.9829  -9.94  763.60  291.10      0.00     0.00 115.00  0.9829  150.00  -50.00 0.0000  0.0000  171 150
 151  b151        2 2   0  1.0244  -6.22   26.50    0.00      0.00     0.00 115.00  0.0000    0.00    0.00 0.0000  0.0000  0 151
 152  b152        2 2   0  0.9837 -12.75  163.50   43.00      0.00     0.00 115.00  0.0000    0.00    0.00 0.0000  0.5300  0 152
 153  b153        2 2   0  1.0622  -2.69    0.00    0.00      0.00     0.00 115.00  0.0000    0.00    0.00 0.0000  0.0000  0 153
 154  b154        2 2   0  0.9730  -7.21  176.00   83.00      0.00     0.00 115.00  0.0000    0.00    0.00 0.0000  0.0000  0 154
 155  b155        2 2   2  1.0522   4.67    5.00    4.00    228.00     0.00 115.00  1.0522   90.00  -45.00 0.0000  0.0000  176 155
 156  b156        2 2   2  1.0077   0.62   28.00   12.00     84.00     0.00 115.00  1.0077   35.00  -15.00 0.0000  0.0000  177 156
 157  b157        2 2   0  0.9397  -6.56  427.40  173.60      0.00     0.00 115.00  0.0000    0.00    0.00 0.0000  0.0000  0 157
 158  b158        2 2   0  0.9699  -9.37   74.00   29.00      0.00     0.00 115.00  0.0000    0.00    0.00 0.0000  0.4500  0 158
 159  b159        2 2   0  0.9793  -3.09   69.50   49.30      0.00     0.00 115.00  0.0000    0.00    0.00 0.0000  0.0000  0 159
 160  b160        2 2   0  1.0518  -1.33   73.40    0.00      0.00     0.00 230.00  0.0000    0.00    0.00 0.0000  0.0000  0 160
 161  b161        2 2   0  1.0447  -4.19  240.70   89.00      0.00     0.00 230.00  0.0000    0.00    0.00 0.0000  0.0000  0 161
 162  b162        2 2   0  0.9717   7.12   40.00    4.00      0.00     0.00 115.00  0.0000    0.00    0.00 0.0000  0.0000  0 162
 163  b163        2 2   0  1.0386  -6.85  136.80   16.60      0.00     0.00 230.00  0.0000    0.00    0.00 0.0000  0.0000  0 163
 164  b164        2 2   2  1.0522  -4.33    0.00    0.00    200.00     0.00 230.00  1.0522   80.00  -50.00 0.0000  0.0000  185 164
 165  b165        2 2   2  1.0650   2.17   59.80   24.30   1200.00     0.00 230.00  1.0650  400.00 -100.00 0.0000  0.0000  186 165
 166  b166        2 2   2  1.0650   1.40   59.80   24.30   1200.00     0.00 230.00  1.0650  400.00 -100.00 0.0000  0.0000  187 166
 167  b167        2 2   0  1.0533  -0.72  182.60   43.60      0.00     0.00 230.00  0.0000    0.00    0.00 0.0000  0.0000  0 167
 168  b168        3 3   0  0.9975 -25.84    7.00    2.00      0.00     0.00  66.00  0.0000    0.00    0.00 0.0000  0.0000  0 168
 169  b169        3 3   2  1.0551 -20.62    0.00    0.00    475.00     0.00 345.00  1.0551  300.00 -300.00 0.0000 -1.5000  190 169
 170  b170        3 3   2  1.0435  12.25  489.00   53.00   1973.00     0.00 230.00  1.0435 1000.00-1000.00 0.0000  0.0000  191 170
 171  b171        3 3   0  0.9374 -11.18  800.00   72.00      0.00     0.00 230.00  0.0000    0.00    0.00 0.0000  0.0000  0 171
 172  b172        3 3   0  0.9897 -26.09    0.00    0.00      0.00     0.00  66.00  0.0000    0.00    0.00 0.0000  0.0000  0 172
 173  b173        3 3   0  1.0489 -19.21    0.00    0.00      0.00     0.00 345.00  0.0000    0.00    0.00 0.0000  0.0000  0 173
 174  b174        3 3   0  1.0357 -20.79    0.00    0.00      0.00     0.00 345.00  0.0000    0.00    0.00 0.0000  0.0000  0 174
 175  b175        3 3   0  0.9695 -25.32   10.00    3.00      0.00     0.00 115.00  0.0000    0.00    0.00 0.0000  0.0000  0 175
 176  b176        3 3   0  0.9907 -23.72   43.00   14.00      0.00     0.00 115.00  0.0000    0.00    0.00 0.0000  0.0000  0 176
 177  b177        3 3   2  1.0150 -20.58   64.00   21.00    424.00     0.00 115.00  1.0150  260.00 -260.00 0.0000  0.0000  198 177
 178  b178        3 3   0  0.9528 -26.05   35.00   12.00      0.00     0.00 115.00  0.0000    0.00    0.00 0.0000  0.0000  0 178
 179  b179        3 3   0  0.9550 -25.93   27.00   12.00      0.00     0.00 115.00  0.0000    0.00    0.00 0.0000  0.0000  0 179
 180  b180        1 1   0  0.9692 -27.49   41.00   14.00      0.00     0.00  66.00  0.0000    0.00    0.00 0.0000  0.0000  0 180
 181  b181        3 3   0  0.9908 -25.33   38.00   13.00      0.00     0.00  66.00  0.0000    0.00    0.00 0.0000  0.0000  0 181
 182  b182        3 3   0  1.0033 -22.35   42.00   14.00      0.00     0.00 115.00  0.0000    0.00    0.00 0.0000  0.0000  0 182
 183  b183        3 3   0  0.9718 -25.70   72.00   24.00      0.00     0.00  66.00  0.0000    0.00    0.00 0.0000  0.0000  0 183
 184  b184        3 3   0  0.9838 -26.07    0.00   -5.00      0.00     0.00  66.00  0.0000    0.00    0.00 0.0000  0.0000  0 184
 185  b185        3 3   0  0.9992 -27.41   12.00    2.00      0.00     0.00  66.00  0.0000    0.00    0.00 0.0000  0.0000  0 185
 186  b186        1 1   0  1.0137 -27.44  -21.00  -14.20      0.00     0.00  66.00  0.0000    0.00    0.00 0.0000  0.0000  0 186
 187  b187        3 3   0  0.9929 -26.28    7.00    2.00      0.00     0.00  66.00  0.0000    0.00    0.00 0.0000  0.0000  0 187
 188  b188        3 3   0  0.9999 -25.66   38.00   13.00      0.00     0.00  66.00  0.0000    0.00    0.00 0.0000  0.0000  0 188
 189  b189        3 3   0  0.9788 -24.22    0.00    0.00      0.00     0.00 115.00  0.0000    0.00    0.00 0.0000  0.0000  0 189
 190  b190        3 3   0  1.0017 -23.31   96.00    7.00      0.00     0.00 115.00  0.0000    0.00    0.00 0.0000  0.0000  0 190
 191  b191        3 3   0  1.0132 -22.51    0.00    0.00      0.00     0.00 138.00  0.0000    0.00    0.00 0.0000  0.0000  0 191
 192  b192        3 3   2  1.0100 -11.67    0.00    0.00    272.00     0.00  16.50  1.0100  150.00 -150.00 0.0000  0.0000  213 192
 193  b193        3 3   0  0.9919 -17.53   22.00   16.00      0.00     0.00 138.00  0.0000    0.00    0.00 0.0000  0.0000  0 193
 194  b194        3 3   0  0.9866 -20.23   47.00   26.00      0.00     0.00 138.00  0.0000    0.00    0.00 0.0000  0.0000  0 194
 195  b195        3 3   0  0.9751 -22.53  176.00  105.00      0.00     0.00 138.00  0.0000    0.00    0.00 0.0000  0.0000  0 195
 196  b196        3 3   0  1.0215 -22.20  100.00   75.00      0.00     0.00 138.00  0.0000    0.00    0.00 0.0000  0.0000  0 196
 197  b197        3 3   0  1.0075 -22.63  131.00   96.00      0.00     0.00 138.00  0.0000    0.00    0.00 0.0000  0.0000  0 197
 198  b198        3 3   0  1.0554 -21.15    0.00    0.00      0.00     0.00 345.00  0.0000    0.00    0.00 0.0000  0.0000  0 198
 199  b199        3 3   2  1.0080 -21.73  285.00  100.00    100.00     0.00 138.00  1.0080   60.00  -60.00 0.0000  0.0000  220 199
 200  b200        3 3   2  1.0000 -22.49  171.00   70.00    450.00     0.00 138.00  1.0000  320.00 -320.00 0.0000  0.0000  221 200
 201  b201        3 3   2  1.0500 -23.17  328.00  188.00    250.00     0.00  20.00  1.0500  300.00 -300.00 0.0000  0.0000  222 201
 202  b202        3 3   0  0.9965 -22.70  428.00  232.00      0.00     0.00 138.00  0.0000    0.00    0.00 0.0000  0.0000  0 202
 203  b203        3 3   0  1.0002 -21.55  173.00   99.00      0.00     0.00 230.00  0.0000    0.00    0.00 0.0000  0.0000  0 203
 204  b204        3 3   0  0.9453 -11.34  410.00   40.00      0.00     0.00 230.00  0.0000    0.00    0.00 0.0000  0.0000  0 204
 205  b205        3 3   0  1.0180 -21.61    0.00    0.00      0.00     0.00 230.00  0.0000    0.00    0.00 0.0000  0.0000  0 205
 206  b206        3 3   2  1.0000 -27.22  538.00  369.00    303.00     0.00  27.00  1.0000  300.00 -300.00 0.0000  0.0000  227 206
 207  b207        3 3   0  1.0423 -20.94  223.00  148.00      0.00     0.00 138.00  0.0000    0.00    0.00 0.0000  0.0000  0 207
 208  b208        3 3   0  1.0496 -19.94   96.00   46.00      0.00     0.00 138.00  0.0000    0.00    0.00 0.0000  0.0000  0 208
 209  b209        3 3   2  1.0400 -13.82    0.00    0.00    345.00     0.00  20.00  1.0400  250.00 -250.00 0.0000  0.0000  230 209
 210  b210        3 3   0  1.0535 -21.22  159.00  107.00      0.00     0.00 345.00  0.0000    0.00    0.00 0.0000 -3.0000  0 210
 211  b211        3 3   0  1.0414 -23.19  448.00  143.00      0.00     0.00 138.00  0.0000    0.00    0.00 0.0000  0.0000  0 211
 212  b212        3 3   2  1.0000 -25.90  404.00  212.00    300.00     0.00  66.00  1.0000  500.00 -500.00 0.0000  0.0000  233 212
 213  b213        3 3   0  1.0387 -20.89  572.00  244.00      0.00     0.00 138.00  0.0000    0.00    0.00 0.0000  0.0000  0 213
 214  b214        3 3   0  1.0095 -21.03  269.00  157.00      0.00     0.00 138.00  0.0000    0.00    0.00 0.0000  0.0000  0 214
 215  b215        3 3   2  1.0165 -15.40    0.00    0.00    600.00     0.00  20.00  1.0165  300.00 -300.00 0.0000  0.0000  236 215
 216  b216        3 3   0  1.0558 -21.10    0.00    0.00      0.00     0.00 345.00  0.0000    0.00    0.00 0.0000  0.0000  0 216
 217  b217        3 3   2  1.0100 -20.94  255.00  149.00    250.00     0.00 138.00  1.0100  200.00 -200.00 0.0000 -1.5000  238 217
 218  b218        3 3   2  1.0000 -15.86    0.00    0.00    550.00     0.00 138.00  1.0000  400.00 -400.00 0.0000  0.0000  239 218
 219  b219        3 3   0  1.0237 -20.14    0.00    0.00      0.00     0.00 230.00  0.0000    0.00    0.00 0.0000 -1.4000  0 219
 220  b220        3 3   2  1.0500 -16.50    0.00    0.00    575.43     0.00  20.00  1.0500  600.00 -600.00 0.0000  0.0000  241 220
 221  b221        3 3   2  0.9930 -17.53    0.00    0.00    170.00     0.00 138.00  0.9930  100.00   40.00 0.0000  0.0000  242 221
 222  b222        3 3   2  1.0100 -19.27    8.00    3.00     84.00     0.00  66.00  1.0100   80.00   40.00 0.0000  0.0000  243 222
 223  b223        3 3   0  0.9921 -20.21    0.00    0.00      0.00     0.00  66.00  0.0000    0.00    0.00 0.0000  0.0000  0 223
 224  b224        3 3   0  0.9711 -20.90   61.00   30.00      0.00     0.00  66.00  0.0000    0.00    0.00 0.0000  0.0000  0 224
 225  b225        3 3   0  0.9651 -21.74   77.00   33.00      0.00     0.00  66.00  0.0000    0.00    0.00 0.0000  0.0000  0 225
 226  b226        3 3   0  0.9688 -21.67   61.00   30.00      0.00     0.00  66.00  0.0000    0.00    0.00 0.0000  0.0000  0 226
 227  b227        3 3   0  0.9760 -25.23   29.00   14.00      0.00     0.00  66.00  0.0000    0.00    0.00 0.0000  0.4560  0 227
 228  b228        3 3   0  0.9752 -25.65   29.00   14.00      0.00     0.00  66.00  0.0000    0.00    0.00 0.0000  0.0000  0 228
 229  b229        3 3   0  1.0196 -23.80  -23.00  -17.00      0.00     0.00  66.00  0.0000    0.00    0.00 0.0000  0.0000  0 229
 230  b230        3 3   0  1.0251 -20.06  -33.10  -29.40      0.00     0.00 230.00  0.0000    0.00    0.00 0.0000  0.0000  0 230
 231  b231        1 1   0  1.0152 1.48    115.80  -24.00      0.00     0.00 230.00  0.0000    0.00    0.00 0.0000  0.0000  0 231
 232  b232        1 1   0  1.0146 -2.23     2.40  -12.60      0.00     0.00 115.00  0.0000    0.00    0.00 0.0000  0.0000  0 232
 233  b233        1 1   0  1.0005 -17.61    2.40   -3.90      0.00     0.00 115.00  0.0000    0.00    0.00 0.0000  0.0000  0 233
 234  b234        1 1   0  0.9810 -13.69  -14.90   26.50      0.00     0.00 230.00  0.0000    0.00    0.00 0.0000  0.0000  0 234
 235  b235        1 1   0  0.9750 -23.42   24.70   -1.20      0.00     0.00 115.00  0.0000    0.00    0.00 0.0000  0.0000  0 235
 236  b236        1 1   0  0.9429 -34.31  145.30  -34.90      0.00     0.00 115.00  0.0000    0.00    0.00 0.0000  0.0000  0 236
 237  b237        1 1   0  0.9723 -37.58   28.10  -20.50      0.00     0.00 115.00  0.0000    0.00    0.00 0.0000  0.0000  0 237
 238  b238        1 1   0  0.9604 -29.10   14.00    2.50      0.00     0.00 115.00  0.0000    0.00    0.00 0.0000  0.0000  0 238
 239  b239        1 1   0  1.0009 -23.36  -11.10   -1.40      0.00     0.00 115.00  0.0000    0.00    0.00 0.0000  0.0000  0 239
 240  b240        1 1   0  0.9777 -28.00   50.50   17.40      0.00     0.00 230.00  0.0000    0.00    0.00 0.0000  0.0000  0 240
 241  b241        1 1   0  0.9583 -28.79   29.60    0.60      0.00     0.00 115.00  0.0000    0.00    0.00 0.0000  0.0000  0 241
 242  b242        3 3   0  1.0309 -17.00 -113.70   76.70      0.00     0.00 345.00  0.0000    0.00    0.00 0.0000  0.0000  0 242
 243  b243        2 2   0  1.0128   3.90  100.31   29.17      0.00     0.00  86.00  0.0000    0.00    0.00 0.0000  0.0000  0 243
 244  b244        2 2   0  1.0244  -7.52 -100.00   34.17      0.00     0.00  86.00  0.0000    0.00    0.00 0.0000  0.0000  0 244
 245  b245        2 2   0  1.0122 -15.18    0.00    0.00      0.00     0.00 115.00  0.0000    0.00    0.00 0.0000  0.0000  0 245
 246  b246        3 3   0  0.9653 -14.94    0.00    0.00      0.00     0.00 115.00  0.0000    0.00    0.00 0.0000  0.0000  0 246
 247  b247        1 1   2  1.0507  10.79    0.00    0.00    467.00     0.00  13.80  1.0507  210.00 -210.00 0.0000  0.0000  7001 247
 248  b248        1 1   2  1.0507  12.48    0.00    0.00    623.00     0.00  13.80  1.0507  280.00 -280.00 0.0000  0.0000  7002 248
 249  b249        1 1   2  1.0323  13.76    0.00    0.00   1210.00     0.00  13.80  1.0323  420.00 -420.00 0.0000  0.0000  7003 249
 250  b250        1 1   2  1.0145   4.99    0.00    0.00    234.00     0.00  13.80  1.0145  100.00 -100.00 0.0000  0.0000  7011 250
 251  b251        1 1   2  1.0507  11.57    0.00    0.00    372.00     0.00  13.80  1.0507  224.00 -224.00 0.0000  0.0000  7012 251
 252  b252        1 1   2  1.0507 -10.47    0.00    0.00    330.00     0.00  13.80  1.0507  350.00    0.00 0.0000  0.0000  7017 252
 253  b253        1 1   2  1.0507   6.15    0.00    0.00    185.00     0.00  13.80  1.0507  120.00    0.00 0.0000  0.0000  7023 253
 254  b254        1 1   2  1.0290  12.60    0.00    0.00    410.00     0.00  13.80  1.0290  224.00 -224.00 0.0000  0.0000  7024 254
 255  b255        1 1   2  1.0500   2.11    0.00    0.00    500.00     0.00  20.00  1.0500  200.00 -200.00 0.0000  0.0000  7039 255
 256  b256        1 1   2  1.0145 -13.92    0.00    0.00     37.00     0.00  13.80  1.0145   42.00    0.00 0.0000  0.0000  7044 256
 257  b257        1 1   3  1.0507   0.00    0.00    0.00      0.00     0.00  13.80  1.0507    0.00    0.00 0.0000  0.0000  0 257
 258  b258        1 1   2  0.9967  -7.50    0.00    0.00     45.00     0.00  13.80  0.9967   25.00    0.00 0.0000  0.0000  7055 258
 259  b259        1 1   2  1.0212  -3.44    0.00    0.00    165.00     0.00  13.80  1.0212   90.00  -90.00 0.0000  0.0000  7057 259
 260  b260        1 1   2  1.0145   1.97    0.00    0.00    400.00     0.00  13.80  1.0145  150.00 -150.00 0.0000  0.0000  7061 260
 261  b261        1 1   2  1.0017   5.80    0.00    0.00    400.00     0.00  13.80  1.0017  150.00    0.00 0.0000  0.0000  7062 261
 262  b262        1 1   2  0.9893 -25.35    0.00    0.00    116.00     0.00  13.80  0.9893   87.00    0.00 0.0000  0.0000  7071 262
 263  b263        2 2   2  1.0507  19.02    0.00    0.00   1292.00     0.00  13.80  1.0507  600.00 -100.00 0.0000  0.0000  7130 263
 264  b264        2 2   2  1.0507   2.75    0.00    0.00    700.00     0.00  13.80  1.0507  325.00 -125.00 0.0000  0.0000  7139 264
 265  b265        2 2   2  1.0145  35.05    0.00    0.00    553.00     0.00  13.80  1.0145  300.00 -200.00 0.0000  0.0000  7166 265
 266  b266        1 9   0  1.0117 -11.25    0.00    0.00      0.00     0.00 115.00  0.0000    0.00    0.00 0.0000  0.0000  0 266
 267  b267        1 9   2  0.9945 -18.86    0.00    0.00     -4.20     0.00   6.60  0.9945    2.00   -2.00 0.0000  0.0000  9002 267
 268  b268        1 9   0  0.9833 -19.68    2.71    0.94      0.00     0.00   6.60  0.0000    0.00    0.00 0.0014  0.0240  0 268
 269  b269        1 9   0  0.9768 -19.82    0.86    0.28      0.00     0.00   6.60  0.0000    0.00    0.00 0.0000  0.0000  0 269
 270  b270        1 9   0  1.0117 -11.32    0.00    0.00      0.00     0.00 115.00  0.0000    0.00    0.00 0.0000  0.0000  0 270
 271  b271        1 9   0  1.0029 -17.42    0.00    0.00      0.00     0.00   6.60  0.0000    0.00    0.00 0.0000  0.0000  0 271
 272  b272        1 9   0  0.9913 -18.69    0.00    0.00      0.00     0.00   6.60  0.0000    0.00    0.00 0.0000  0.0000  0 272
 273  b273        1 9   0  1.0023 -17.27    0.00    0.00      0.00     0.00   6.60  0.0000    0.00    0.00 0.0000  0.0000  0 273
 274  b274        1 9   0  0.9887 -19.09    4.75    1.56      0.00     0.00   6.60  0.0000    0.00    0.00 0.0000  0.0000  0 274
 275  b275        1 9   0  0.9648 -21.67    1.53    0.53      0.00     0.00   0.60  0.0000    0.00    0.00 0.0008  0.0000  0 275
 276  b276        1 9   0  0.9747 -19.41    0.00    0.00      0.00     0.00   6.60  0.0000    0.00    0.00 0.0000  0.0000  0 276
 277  b277        1 9   0  0.9706 -21.43    1.35    0.47      0.00     0.00   0.60  0.0000    0.00    0.00 0.0007  0.0000  0 277
 278  b278        1 9   0  0.9649 -20.48    0.45    0.16      0.00     0.00   0.60  0.0000    0.00    0.00 0.0002  0.0000  0 278
 279  b279        1 9   0  0.9657 -20.39    0.45    0.16      0.00     0.00   0.60  0.0000    0.00    0.00 0.0002  0.0000  0 279
 280  b280        1 9   0  0.9318 -25.03    1.84    0.64      0.00     0.00   0.60  0.0000    0.00    0.00 0.0010  0.0000  0 280
 281  b281        1 9   0  0.9441 -23.84    1.39    0.48      0.00     0.00   0.60  0.0000    0.00    0.00 0.0007  0.0000  0 281
 282  b282        1 9   0  0.9286 -25.33    1.89    0.65      0.00     0.00   0.60  0.0000    0.00    0.00 0.0010  0.0000  0 282
 283  b283        1 9   0  0.9973 -21.10    1.55    0.54      0.00     0.00   0.60  0.0000    0.00    0.00 0.0008  0.0172  0 283
 284  b284        1 9   0  0.9506 -23.19    1.66    0.58      0.00     0.00   0.60  0.0000    0.00    0.00 0.0009  0.0000  0 284
 285  b285        1 9   0  0.9598 -22.67    3.03    1.00      0.00     0.00   2.30  0.0000    0.00    0.00 0.0000  0.0000  0 285
 286  b286        1 9   0  0.9570 -22.58    1.86    0.64      0.00     0.00   0.60  0.0000    0.00    0.00 0.0010  0.0000  0 286
 287  b287        1 9   0  0.9391 -24.41    2.58    0.89      0.00     0.00   0.60  0.0000    0.00    0.00 0.0014  0.0000  0 287
 288  b288        1 9   0  0.9636 -21.33    1.01    0.35      0.00     0.00   0.60  0.0000    0.00    0.00 0.0005  0.0000  0 288
 289  b289        1 9   0  0.9501 -22.50    0.81    0.28      0.00     0.00   0.60  0.0000    0.00    0.00 0.0004  0.0000  0 289
 290  b290        1 9   0  0.9646 -21.42    1.60    0.52      0.00     0.00   2.30  0.0000    0.00    0.00 0.0000  0.0000  0 290
 291  b291        1 9   0  0.9790 -19.78    0.00    0.00      0.00     0.00   6.60  0.0000    0.00    0.00 0.0000  0.0000  0 291
 292  b292        1 9   2  1.0000 -19.40    0.00    0.00    -35.81     0.00  13.80  1.0000   17.35  -17.35 0.0000  0.0000  9051 292
 293  b293        1 9   0  0.9786 -17.25   30.00   23.00      0.00     0.00  13.80  0.0000    0.00    0.00 0.0000  0.0000  0 293
 294  b294        1 9   2  1.0000 -17.68    0.00    0.00    -26.48     0.00  13.80  1.0000   12.83  -12.80 0.0000  0.0000  9053 294
 295  b295        1 9   2  1.0000  -6.83    0.00    0.00     50.00     0.00  13.80  1.0000   38.00  -38.00 0.0000  0.0000  9054 295
 296  b296        1 9   2  1.0000  -7.54    0.00    0.00      8.00     0.00  13.80  1.0000    6.00   -6.00 0.0000  0.0000  9055 296
 297  b297        1 9   0  0.9752 -20.48    1.02    0.35      0.00     0.00   0.60  0.0000    0.00    0.00 0.0005  0.0000  0 297
 298  b298        1 9   0  0.9803 -19.92    1.02    0.35      0.00     0.00   0.60  0.0000    0.00    0.00 0.0005  0.0000  0 298
 299  b299        1 9   0  0.9799 -19.30    3.80    1.25      0.00     0.00   6.60  0.0000    0.00    0.00 0.0000  0.0000  0 299
 300  b300        1 9   0  1.0402 -18.24    1.19    0.41      0.00     0.00   2.30  0.0000    0.00    0.00 0.0010  0.0000  0 300
 -999 1
BRANCH DATA FOLLOWS                           411 ITEMS
  31  266  1 9  1 2 0.000060  0.000460   0.00000   0    0     75    0    0  1.0082   0.00  0.90431.10435 .00400 0.0 15.0 1
 266  270  1 9  1 0 0.000800  0.003480   0.00000   0    0      0    0    0  0.0000   0.00  0.0000 0.0000 .00000 0.0000 0.0000 2
 266  271  1 9  1 2 0.024390  0.436820   0.00000   0    0      0    9006 0  0.9668   0.00  0.9391 1.1478 .00417 0.9900 1.0100 3
 266  273  1 9  1 2 0.036240  0.648980   0.00000   0    0      0    9012 0  0.9796   0.00  0.9391 1.1478 .00417 0.9900 1.0100 4
 270  292  1 9  1 1 0.015780  0.374860   0.00000   0    0      0    9051 0  1.0435   0.00  0.9391 1.1478 .00417 0.9900 1.0100 5
 270  293  1 9  1 2 0.015780  0.374860   0.00000   0    0      0    9052 0  0.9391   0.00  0.9391 1.1478 .00417 0.9900 1.0100 6
 270  294  1 9  1 1 0.016020  0.380460   0.00000   0    0      0    9053 0  1.0435   0.00  0.9391 1.1478 .00417 0.9900 1.0100 7
 270  295  1 9  1 1 0.000000  0.152000   0.00000   0    0      0    0    0  1.0435   0.00  0.0000 0.0000 .00000 0.0000 0.0000 8
 270  296  1 9  1 1 0.000000  0.800000   0.00000   0    0      0    0    0  1.0435   0.00  0.0000 0.0000 .00000 0.0000 0.0000 9
 271  272  1 9  1 0 0.055580  0.246660   0.00000   0    0      0    0    0  0.0000   0.00  0.0000 0.0000 .00000 0.0000 0.0000 10
 271  268  1 9  1 0 0.111180  0.493320   0.00000   0    0      0    0    0  0.0000   0.00  0.0000 0.0000 .00000 0.0000 0.0000 11
 271  268  1 9  2 0 0.111180  0.493320   0.00000   0    0      0    0    0  0.0000   0.00  0.0000 0.0000 .00000 0.0000 0.0000 12
 273  267  1 9  1 0 0.076220  0.432860   0.00000   0    0      0    0    0  0.0000   0.00  0.0000 0.0000 .00000 0.0000 0.0000 13
 273  267  1 9  2 0 0.076220  0.432860   0.00000   0    0      0    0    0  0.0000   0.00  0.0000 0.0000 .00000 0.0000 0.0000 14
 267  274  1 9  1 0 0.053700  0.070260   0.00000   0    0      0    0    0  0.0000   0.00  0.0000 0.0000 .00000 0.0000 0.0000 15
 274  276  1 9  1 0 1.106800  0.952780   0.00000   0    0      0    0    0  0.0000   0.00  0.0000 0.0000 .00000 0.0000 0.0000 16
 274  275  1 9  1 1 0.443640  2.815200   0.00000   0    0      0    0    0  1.0000   0.00  0.0000 0.0000 .00000 0.0000 0.0000 17
 267  277  1 9  1 1 0.507480  3.220200   0.00000   0    0      0    0    0  1.0000   0.00  0.0000 0.0000 .00000 0.0000 0.0000 18
 276  278  1 9  1 1 0.666880  3.944000   0.00000   0    0      0    0    0  1.0000   0.00  0.0000 0.0000 .00000 0.0000 0.0000 19
 276  279  1 9  1 1 0.611300  3.615200   0.00000   0    0      0    0    0  1.0000   0.00  0.0000 0.0000 .00000 0.0000 0.0000 20
 272  297  1 9  1 1 0.441200  2.966800   0.00000   0    0      0    0    0  1.0000   0.00  0.0000 0.0000 .00000 0.0000 0.0000 21
 272  298  1 9  1 1 0.307920  2.057000   0.00000   0    0      0    0    0  1.0000   0.00  0.0000 0.0000 .00000 0.0000 0.0000 22
 272  268  1 9  1 0 0.055800  0.246660   0.00000   0    0      0    0    0  0.0000   0.00  0.0000 0.0000 .00000 0.0000 0.0000 23
 268  280  1 9  1 1 0.736330  4.672400   0.00000   0    0      0    0    0  1.0000   0.00  0.0000 0.0000 .00000 0.0000 0.0000 24
 268  281  1 9  1 1 0.769780  4.884600   0.00000   0    0      0    0    0  1.0000   0.00  0.0000 0.0000 .00000 0.0000 0.0000 25
 268  282  1 9  1 1 0.757320  4.805600   0.00000   0    0      0    0    0  1.0000   0.00  0.0000 0.0000 .00000 0.0000 0.0000 26
 268  291  1 9  1 0 0.073780  0.063520   0.00000   0    0      0    0    0  0.0000   0.00  0.0000 0.0000 .00000 0.0000 0.0000 27
 291  269  1 9  1 0 0.038320  0.028940   0.00000   0    0      0    0    0  0.0000   0.00  0.0000 0.0000 .00000 0.0000 0.0000 28
 269  288  1 9  1 1 0.366140  2.456000   0.00000   0    0      0    0    0  1.0000   0.00  0.0000 0.0000 .00000 0.0000 0.0000 29
 269  289  1 9  1 1 1.059300  5.453600   0.00000   0    0      0    0    0  1.0000   0.00  0.0000 0.0000 .00000 0.0000 0.0000 30
 269  290  1 9  1 1 0.156700  1.699400   0.00000   0    0      0    0    0  1.0000   0.00  0.0000 0.0000 .00000 0.0000 0.0000 31
 268  283  1 9  1 1 0.130060  1.391200   0.00000   0    0      0    0    0  1.0000   0.00  0.0000 0.0000 .00000 0.0000 0.0000 32
 268  284  1 9  1 1 0.544840  3.457200   0.00000   0    0      0    0    0  1.0000   0.00  0.0000 0.0000 .00000 0.0000 0.0000 33
 268  285  1 9  1 1 0.154260  1.672900   0.00000   0    0      0    0    0  1.0000   0.00  0.0000 0.0000 .00000 0.0000 0.0000 34
 268  286  1 9  1 1 0.384900  2.571200   0.00000   0    0      0    0    0  1.0000   0.00  0.0000 0.0000 .00000 0.0000 0.0000 35
 268  287  1 9  1 1 0.441200  2.966800   0.00000   0    0      0    0    0  1.0000   0.00  0.0000 0.0000 .00000 0.0000 0.0000 36
 273  299  1 9  1 0 0.235520  0.990360   0.00000   0    0      0    0    0  0.0000   0.00  0.0000 0.0000 .00000 0.0000 0.0000 37
 294  300  1 9  1 1 0.000000  0.750000   0.00000   0    0      0    0    0  0.9583   0.00  0.0000 0.0000 .00000 0.0000 0.0000 38
   1    5  1 1  1 0 0.001000  0.006000   0.00000   0    0      0    0    0  0.0000   0.00  0.0000 0.0000 .00000 0.0000 0.0000 39
   2    6  1 1  1 0 0.001000  0.009000   0.00000   0    0      0    0    0  0.0000   0.00  0.0000 0.0000 .00000 0.0000 0.0000 40
   2    8  1 1  1 0 0.006000  0.027000   0.05400   0    0      0    0    0  0.0000   0.00  0.0000 0.0000 .00000 0.0000 0.0000 41
   3    7  1 1  1 0 0.000000  0.003000   0.00000   0    0      0    0    0  0.0000   0.00  0.0000 0.0000 .00000 0.0000 0.0000 42
   3   18  1 1  1 0 0.008000  0.069000   0.13900   0    0      0    0    0  0.0000   0.00  0.0000 0.0000 .00000 0.0000 0.0000 43
   3  129  1 2  1 0 0.001000  0.007000   0.00000   0    0      0    0    0  0.0000   0.00  0.0000 0.0000 .00000 0.0000 0.0000 44
   4   16  1 1  1 0 0.002000  0.019000   1.12700   0    0      0    0    0  0.0000   0.00  0.0000 0.0000 .00000 0.0000 0.0000 45
   5    9  1 1  1 0 0.006000  0.029000   0.01800   0    0      0    0    0  0.0000   0.00  0.0000 0.0000 .00000 0.0000 0.0000 46
   7   12  1 1  1 0 0.001000  0.009000   0.07000   0    0      0    0    0  0.0000   0.00  0.0000 0.0000 .00000 0.0000 0.0000 47
   7  110  1 2  1 0 0.001000  0.007000   0.01400   0    0      0    0    0  0.0000   0.00  0.0000 0.0000 .00000 0.0000 0.0000 48
   8   11  1 1  1 0 0.013000  0.059500   0.03300   0    0      0    0    0  0.0000   0.00  0.0000 0.0000 .00000 0.0000 0.0000 49
   8   14  1 1  1 0 0.013000  0.042000   0.08100   0    0      0    0    0  0.0000   0.00  0.0000 0.0000 .00000 0.0000 0.0000 50
   9   11  1 1  1 0 0.006000  0.027000   0.01300   0    0      0    0    0  0.0000   0.00  0.0000 0.0000 .00000 0.0000 0.0000 51
  11   13  1 1  1 0 0.008000  0.034000   0.01800   0    0      0    0    0  0.0000   0.00  0.0000 0.0000 .00000 0.0000 0.0000 52
  12   20  1 1  1 0 0.002000  0.015000   0.11800   0    0      0    0    0  0.0000   0.00  0.0000 0.0000 .00000 0.0000 0.0000 53
  13   19  1 1  1 0 0.006000  0.034000   0.01600   0    0      0    0    0  0.0000   0.00  0.0000 0.0000 .00000 0.0000 0.0000 54
  14   15  1 1  1 0 0.014000  0.042000   0.09700   0    0      0    0    0  0.0000   0.00  0.0000 0.0000 .00000 0.0000 0.0000 55
  15   31  1 1  1 0 0.065000  0.248000   0.12100   0    0      0    0    0  0.0000   0.00  0.0000 0.0000 .00000 0.0000 0.0000 56
  15   74  1 1  1 0 0.099000  0.248000   0.03500   0    0      0    0    0  0.0000   0.00  0.0000 0.0000 .00000 0.0000 0.0000 57
  15   75  1 1  1 0 0.096000  0.363000   0.04800   0    0      0    0    0  0.0000   0.00  0.0000 0.0000 .00000 0.0000 0.0000 58
  16   36  1 1  1 0 0.002000  0.022000   1.28000   0    0      0    0    0  0.0000   0.00  0.0000 0.0000 .00000 0.0000 0.0000 59
  18   20  1 1  1 0 0.002000  0.018000   0.03600   0    0      0    0    0  0.0000   0.00  0.0000 0.0000 .00000 0.0000 0.0000 60
  18   72  1 1  1 0 0.013000  0.080000   0.15100   0    0      0    0    0  0.0000   0.00  0.0000 0.0000 .00000 0.0000 0.0000 61
  19   21  1 1  1 0 0.016000  0.033000   0.01500   0    0      0    0    0  0.0000   0.00  0.0000 0.0000 .00000 0.0000 0.0000 62
  19   26  1 1  1 0 0.069000  0.186000   0.09800   0    0      0    0    0  0.0000   0.00  0.0000 0.0000 .00000 0.0000 0.0000 63
  20   23  1 1  1 0 0.004000  0.034000   0.28000   0    0      0    0    0  0.0000   0.00  0.0000 0.0000 .00000 0.0000 0.0000 64
  21   22  1 1  1 0 0.052000  0.111000   0.05000   0    0      0    0    0  0.0000   0.00  0.0000 0.0000 .00000 0.0000 0.0000 65
  22   24  1 1  1 0 0.019000  0.039000   0.01800   0    0      0    0    0  0.0000   0.00  0.0000 0.0000 .00000 0.0000 0.0000 66
  23  231  1 1  1 0 0.007000  0.068000   0.13400   0    0      0    0    0  0.0000   0.00  0.0000 0.0000 .00000 0.0000 0.0000 67
  24   25  1 1  1 0 0.036000  0.071000   0.03400   0    0      0    0    0  0.0000   0.00  0.0000 0.0000 .00000 0.0000 0.0000 68
  25   26  1 1  1 0 0.045000  0.120000   0.06500   0    0      0    0    0  0.0000   0.00  0.0000 0.0000 .00000 0.0000 0.0000 69
  25  232  1 1  1 0 0.043000  0.130000   0.01400   0    0      0    0    0  0.0000   0.00  0.0000 0.0000 .00000 0.0000 0.0000 70
  27   28  1 1  1 0 0.000000  0.063000   0.00000   0    0      0    0    0  0.0000   0.00  0.0000 0.0000 .00000 0.0000 0.0000 71
  27   32  1 1  1 0 0.002500  0.012000   0.01300   0    0      0    0    0  0.0000   0.00  0.0000 0.0000 .00000 0.0000 0.0000 72
  27   34  1 1  1 0 0.006000  0.029000   0.02000   0    0      0    0    0  0.0000   0.00  0.0000 0.0000 .00000 0.0000 0.0000 73
  27   35  1 1  1 0 0.007000  0.043000   0.02600   0    0      0    0    0  0.0000   0.00  0.0000 0.0000 .00000 0.0000 0.0000 74
  28   36  1 1  1 0 0.001000  0.008000   0.04200   0    0      0    0    0  0.0000   0.00  0.0000 0.0000 .00000 0.0000 0.0000 75
  29   60  1 1  1 0 0.012000  0.060000   0.00800   0    0      0    0    0  0.0000   0.00  0.0000 0.0000 .00000 0.0000 0.0000 76
  29   63  1 1  1 0 0.006000  0.014000   0.00200   0    0      0    0    0  0.0000   0.00  0.0000 0.0000 .00000 0.0000 0.0000 77
  29   64  1 1  1 0 0.010000  0.029000   0.00300   0    0      0    0    0  0.0000   0.00  0.0000 0.0000 .00000 0.0000 0.0000 78
  30   73  1 1  1 0 0.004000  0.027000   0.04300   0    0      0    0    0  0.0000   0.00  0.0000 0.0000 .00000 0.0000 0.0000 79
  31   32  1 1  1 0 0.008000  0.047000   0.00800   0    0      0    0    0  0.0000   0.00  0.0000 0.0000 .00000 0.0000 0.0000 80
  31   34  1 1  1 0 0.022000  0.064000   0.00700   0    0      0    0    0  0.0000   0.00  0.0000 0.0000 .00000 0.0000 0.0000 81
  31   35  1 1  1 0 0.010000  0.036000   0.02000   0    0      0    0    0  0.0000   0.00  0.0000 0.0000 .00000 0.0000 0.0000 82
  31   43  1 1  1 0 0.017000  0.081000   0.04800   0    0      0    0    0  0.0000   0.00  0.0000 0.0000 .00000 0.0000 0.0000 83
  31   74  1 1  1 0 0.102000  0.254000   0.03300   0    0      0    0    0  0.0000   0.00  0.0000 0.0000 .00000 0.0000 0.0000 84
  31   75  1 1  1 0 0.047000  0.127000   0.01600   0    0      0    0    0  0.0000   0.00  0.0000 0.0000 .00000 0.0000 0.0000 85
  32   35  1 1  1 0 0.008000  0.037000   0.02000   0    0      0    0    0  0.0000   0.00  0.0000 0.0000 .00000 0.0000 0.0000 86
  32   37  1 1  1 0 0.032000  0.087000   0.04000   0    0      0    0    0  0.0000   0.00  0.0000 0.0000 .00000 0.0000 0.0000 87
  33   36  1 1  1 0 0.000600  0.006400   0.40400   0    0      0    0    0  0.0000   0.00  0.0000 0.0000 .00000 0.0000 0.0000 88
  34   42  1 1  1 0 0.026000  0.154000   0.02200   0    0      0    0    0  0.0000   0.00  0.0000 0.0000 .00000 0.0000 0.0000 89
  35   36  1 1  1 0 0.000000  0.029000   0.00000   0    0      0    0    0  0.0000   0.00  0.0000 0.0000 .00000 0.0000 0.0000 90
  35   43  1 1  1 0 0.065000  0.191000   0.02000   0    0      0    0    0  0.0000   0.00  0.0000 0.0000 .00000 0.0000 0.0000 91
  35   44  1 1  1 0 0.031000  0.089000   0.03600   0    0      0    0    0  0.0000   0.00  0.0000 0.0000 .00000 0.0000 0.0000 92
  36   40  1 1  1 0 0.002000  0.014000   0.80600   0    0      0    0    0  0.0000   0.00  0.0000 0.0000 .00000 0.0000 0.0000 93
  37   38  1 1  1 0 0.026000  0.072000   0.03500   0    0      0    0    0  0.0000   0.00  0.0000 0.0000 .00000 0.0000 0.0000 94
  37   42  1 1  1 0 0.095000  0.262000   0.03200   0    0      0    0    0  0.0000   0.00  0.0000 0.0000 .00000 0.0000 0.0000 95
  37   46  1 1  1 0 0.013000  0.039000   0.01600   0    0      0    0    0  0.0000   0.00  0.0000 0.0000 .00000 0.0000 0.0000 96
  38   41  1 1  1 0 0.027000  0.084000   0.03900   0    0      0    0    0  0.0000   0.00  0.0000 0.0000 .00000 0.0000 0.0000 97
  38   47  1 1  1 0 0.028000  0.084000   0.03700   0    0      0    0    0  0.0000   0.00  0.0000 0.0000 .00000 0.0000 0.0000 98
  39   52  1 1  1 0 0.007000  0.041000   0.31200   0    0      0    0    0  0.0000   0.00  0.0000 0.0000 .00000 0.0000 0.0000 99
  39   62  1 1  1 0 0.009000  0.054000   0.41100   0    0      0    0    0  0.0000   0.00  0.0000 0.0000 .00000 0.0000 0.0000 100
  40   68  1 1  1 0 0.005000  0.042000   0.69000   0    0      0    0    0  0.0000   0.00  0.0000 0.0000 .00000 0.0000 0.0000 101
  41   61  1 1  1 0 0.052000  0.145000   0.07300   0    0      0    0    0  0.0000   0.00  0.0000 0.0000 .00000 0.0000 0.0000 102
  41   92  1 1  1 0 0.043000  0.118000   0.01300   0    0      0    0    0  0.0000   0.00  0.0000 0.0000 .00000 0.0000 0.0000 103
  42   87  1 1  1 0 0.025000  0.062000   0.00700   0    0      0    0    0  0.0000   0.00  0.0000 0.0000 .00000 0.0000 0.0000 104
  43   44  1 1  1 0 0.031000  0.094000   0.04300   0    0      0    0    0  0.0000   0.00  0.0000 0.0000 .00000 0.0000 0.0000 105
  44   45  1 1  1 0 0.037000  0.109000   0.04900   0    0      0    0    0  0.0000   0.00  0.0000 0.0000 .00000 0.0000 0.0000 106
  45   48  1 1  1 0 0.027000  0.080000   0.03600   0    0      0    0    0  0.0000   0.00  0.0000 0.0000 .00000 0.0000 0.0000 107
  46   47  1 1  1 0 0.025000  0.073000   0.03500   0    0      0    0    0  0.0000   0.00  0.0000 0.0000 .00000 0.0000 0.0000 108
  47   48  1 1  1 0 0.035000  0.103000   0.04700   0    0      0    0    0  0.0000   0.00  0.0000 0.0000 .00000 0.0000 0.0000 109
  48   49  1 1  1 0 0.065000  0.169000   0.08200   0    0      0    0    0  0.0000   0.00  0.0000 0.0000 .00000 0.0000 0.0000 110
  49   50  1 1  1 0 0.046000  0.080000   0.03600   0    0      0    0    0  0.0000   0.00  0.0000 0.0000 .00000 0.0000 0.0000 111
  49   55  1 1  1 0 0.159000  0.537000   0.07100   0    0      0    0    0  0.0000   0.00  0.0000 0.0000 .00000 0.0000 0.0000 112
  50   51  1 1  1 0 0.009000  0.026000   0.00500   0    0      0    0    0  0.0000   0.00  0.0000 0.0000 .00000 0.0000 0.0000 113
  51   53  1 1  1 0 0.002000  0.013000   0.01500   0    0      0    0    0  0.0000   0.00  0.0000 0.0000 .00000 0.0000 0.0000 114
  52   54  1 1  1 0 0.009000  0.065000   0.48500   0    0      0    0    0  0.0000   0.00  0.0000 0.0000 .00000 0.0000 0.0000 115
  54   56  1 1  1 0 0.016000  0.105000   0.20300   0    0      0    0    0  0.0000   0.00  0.0000 0.0000 .00000 0.0000 0.0000 116
  54  123  1 2  1 0 0.001000  0.007000   0.01300   0    0      0    0    0  0.0000   0.00  0.0000 0.0000 .00000 0.0000 0.0000 117
  55  236  1 1  1 0 0.026500  0.172000   0.02600   0    0      0    0    0  0.0000   0.00  0.0000 0.0000 .00000 0.0000 0.0000 118
  57  190  1 3  1 0 0.051000  0.232000   0.02800   0    0      0    0    0  0.0000   0.00  0.0000 0.0000 .00000 0.0000 0.0000 119
  57   66  1 1  1 0 0.051000  0.157000   0.02300   0    0      0    0    0  0.0000   0.00  0.0000 0.0000 .00000 0.0000 0.0000 120
  58   59  1 1  1 0 0.032000  0.100000   0.06200   0    0      0    0    0  0.0000   0.00  0.0000 0.0000 .00000 0.0000 0.0000 121
  58  237  1 1  1 0 0.020000  0.123400   0.02800   0    0      0    0    0  0.0000   0.00  0.0000 0.0000 .00000 0.0000 0.0000 122
  59   60  1 1  1 0 0.036000  0.131000   0.06800   0    0      0    0    0  0.0000   0.00  0.0000 0.0000 .00000 0.0000 0.0000 123
  59   61  1 1  1 0 0.034000  0.099000   0.04700   0    0      0    0    0  0.0000   0.00  0.0000 0.0000 .00000 0.0000 0.0000 124
  60   64  1 1  1 0 0.018000  0.087000   0.01100   0    0      0    0    0  0.0000   0.00  0.0000 0.0000 .00000 0.0000 0.0000 125
  60  238  1 1  1 0 0.025600  0.193000   0.00000   0    0      0    0    0  0.0000   0.00  0.0000 0.0000 .00000 0.0000 0.0000 126
  61   63  1 1  1 0 0.021000  0.057000   0.03000   0    0      0    0    0  0.0000   0.00  0.0000 0.0000 .00000 0.0000 0.0000 127
  61   66  1 1  1 0 0.018000  0.052000   0.01800   0    0      0    0    0  0.0000   0.00  0.0000 0.0000 .00000 0.0000 0.0000 128
  62   73  1 1  1 0 0.004000  0.027000   0.05000   0    0      0    0    0  0.0000   0.00  0.0000 0.0000 .00000 0.0000 0.0000 129
  62  240  1 1  1 0 0.028600  0.201300   0.37900   0    0      0    0    0  0.0000   0.00  0.0000 0.0000 .00000 0.0000 0.0000 130
  63   64  1 1  1 0 0.016000  0.043000   0.00400   0    0      0    0    0  0.0000   0.00  0.0000 0.0000 .00000 0.0000 0.0000 131
  64   65  1 1  1 0 0.001000  0.006000   0.00700   0    0      0    0    0  0.0000   0.00  0.0000 0.0000 .00000 0.0000 0.0000 132
  64   67  1 1  1 0 0.014000  0.070000   0.03800   0    0      0    0    0  0.0000   0.00  0.0000 0.0000 .00000 0.0000 0.0000 133
  64  239  1 1  1 0 0.089100  0.267600   0.02900   0    0      0    0    0  0.0000   0.00  0.0000 0.0000 .00000 0.0000 0.0000 134
  64  241  1 1  1 0 0.078200  0.212700   0.02200   0    0      0    0    0  0.0000   0.00  0.0000 0.0000 .00000 0.0000 0.0000 135
  65   66  1 1  1 0 0.006000  0.022000   0.01100   0    0      0    0    0  0.0000   0.00  0.0000 0.0000 .00000 0.0000 0.0000 136
  65   69  1 1  1 0 0.000000  0.036000   0.00000   0    0      0    0    0  0.0000   0.00  0.0000 0.0000 .00000 0.0000 0.0000 137
  66  190  1 3  1 0 0.099000  0.375000   0.05100   0    0      0    0    0  0.0000   0.00  0.0000 0.0000 .00000 0.0000 0.0000 138
  67  190  1 3  1 0 0.022000  0.107000   0.05800   0    0      0    0    0  0.0000   0.00  0.0000 0.0000 .00000 0.0000 0.0000 139
  68  173  1 3  1 0 0.003500  0.033000   0.53000   0    0      0    0    0  0.0000   0.00  0.0000 0.0000 .00000 0.0000 0.0000 140
  68  174  1 3  1 0 0.003500  0.033000   0.53000   0    0      0    0    0  0.0000   0.00  0.0000 0.0000 .00000 0.0000 0.0000 141
  70   71  1 1  1 0 0.008000  0.064000   0.12800   0    0      0    0    0  0.0000   0.00  0.0000 0.0000 .00000 0.0000 0.0000 142
  71   72  1 1  1 0 0.012000  0.093000   0.18300   0    0      0    0    0  0.0000   0.00  0.0000 0.0000 .00000 0.0000 0.0000 143
  71  234  1 1  1 0 0.006000  0.048000   0.09200   0    0      0    0    0  0.0000   0.00  0.0000 0.0000 .00000 0.0000 0.0000 144
  74   76  1 1  1 0 0.047000  0.119000   0.01400   0    0      0    0    0  0.0000   0.00  0.0000 0.0000 .00000 0.0000 0.0000 145
  75   77  1 1  1 0 0.032000  0.174000   0.02400   0    0      0    0    0  0.0000   0.00  0.0000 0.0000 .00000 0.0000 0.0000 146
  76   78  1 1  1 0 0.100000  0.253000   0.03100   0    0      0    0    0  0.0000   0.00  0.0000 0.0000 .00000 0.0000 0.0000 147
  76   79  1 1  1 0 0.022000  0.077000   0.03900   0    0      0    0    0  0.0000   0.00  0.0000 0.0000 .00000 0.0000 0.0000 148
  77   84  1 1  1 0 0.019000  0.144000   0.01700   0    0      0    0    0  0.0000   0.00  0.0000 0.0000 .00000 0.0000 0.0000 149
  77   86  1 1  1 0 0.017000  0.092000   0.01200   0    0      0    0    0  0.0000   0.00  0.0000 0.0000 .00000 0.0000 0.0000 150
  78   79  1 1  1 0 0.278000  0.427000   0.04300   0    0      0    0    0  0.0000   0.00  0.0000 0.0000 .00000 0.0000 0.0000 151
  79   82  1 1  1 0 0.022000  0.053000   0.00700   0    0      0    0    0  0.0000   0.00  0.0000 0.0000 .00000 0.0000 0.0000 152
  79   83  1 1  1 0 0.038000  0.092000   0.01200   0    0      0    0    0  0.0000   0.00  0.0000 0.0000 .00000 0.0000 0.0000 153
  79   84  1 1  1 0 0.048000  0.122000   0.01500   0    0      0    0    0  0.0000   0.00  0.0000 0.0000 .00000 0.0000 0.0000 154
  80   82  1 1  1 0 0.024000  0.064000   0.00700   0    0      0    0    0  0.0000   0.00  0.0000 0.0000 .00000 0.0000 0.0000 155
  80   83  1 1  1 0 0.034000  0.121000   0.01500   0    0      0    0    0  0.0000   0.00  0.0000 0.0000 .00000 0.0000 0.0000 156
  81   87  1 1  1 0 0.053000  0.135000   0.01700   0    0      0    0    0  0.0000   0.00  0.0000 0.0000 .00000 0.0000 0.0000 157
  81   88  1 1  1 0 0.002000  0.004000   0.00200   0    0      0    0    0  0.0000   0.00  0.0000 0.0000 .00000 0.0000 0.0000 158
  81   89  1 1  1 0 0.045000  0.354000   0.04400   0    0      0    0    0  0.0000   0.00  0.0000 0.0000 .00000 0.0000 0.0000 159
  81   90  1 1  1 0 0.050000  0.174000   0.02200   0    0      0    0    0  0.0000   0.00  0.0000 0.0000 .00000 0.0000 0.0000 160
  82   83  1 1  1 0 0.016000  0.038000   0.00400   0    0      0    0    0  0.0000   0.00  0.0000 0.0000 .00000 0.0000 0.0000 161
  83   85  1 1  1 0 0.043000  0.064000   0.02700   0    0      0    0    0  0.0000   0.00  0.0000 0.0000 .00000 0.0000 0.0000 162
  84   86  1 1  1 0 0.019000  0.062000   0.00800   0    0      0    0    0  0.0000   0.00  0.0000 0.0000 .00000 0.0000 0.0000 163
  85   88  1 1  1 0 0.076000  0.130000   0.04400   0    0      0    0    0  0.0000   0.00  0.0000 0.0000 .00000 0.0000 0.0000 164
  85  233  1 1  1 0 0.044000  0.124000   0.01500   0    0      0    0    0  0.0000   0.00  0.0000 0.0000 .00000 0.0000 0.0000 165
  86   87  1 1  1 0 0.012000  0.088000   0.01100   0    0      0    0    0  0.0000   0.00  0.0000 0.0000 .00000 0.0000 0.0000 166
  86   90  1 1  1 0 0.157000  0.400000   0.04700   0    0      0    0    0  0.0000   0.00  0.0000 0.0000 .00000 0.0000 0.0000 167
  88  235  1 1  1 0 0.074000  0.208000   0.02600   0    0      0    0    0  0.0000   0.00  0.0000 0.0000 .00000 0.0000 0.0000 168
  89   90  1 1  1 0 0.070000  0.184000   0.02100   0    0      0    0    0  0.0000   0.00  0.0000 0.0000 .00000 0.0000 0.0000 169
  89   92  1 1  1 0 0.100000  0.274000   0.03100   0    0      0    0    0  0.0000   0.00  0.0000 0.0000 .00000 0.0000 0.0000 170
  89   93  1 1  1 0 0.109000  0.393000   0.03600   0    0      0    0    0  0.0000   0.00  0.0000 0.0000 .00000 0.0000 0.0000 171
  90   91  1 1  1 0 0.142000  0.404000   0.05000   0    0      0    0    0  0.0000   0.00  0.0000 0.0000 .00000 0.0000 0.0000 172
  91   93  1 1  1 0 0.017000  0.042000   0.00600   0    0      0    0    0  0.0000   0.00  0.0000 0.0000 .00000 0.0000 0.0000 173
  94  101  1 2  1 0 0.003600  0.019900   0.00400   0    0      0    0    0  0.0000   0.00  0.0000 0.0000 .00000 0.0000 0.0000 174
  95   99  1 2  1 0 0.002000  0.104900   0.00100   0    0      0    0    0  0.0000   0.00  0.0000 0.0000 .00000 0.0000 0.0000 175
  96   97  1 2  1 0 0.000100  0.001800   0.01700   0    0      0    0    0  0.0000   0.00  0.0000 0.0000 .00000 0.0000 0.0000 176
  97   98  1 2  1 0 0.000000  0.027100   0.00000   0    0      0    0    0  0.0000   0.00  0.0000 0.0000 .00000 0.0000 0.0000 177
  97  245  1 2  1 0 0.000000  0.616300   0.00000   0    0      0    0    0  0.0000   0.00  0.0000 0.0000 .00000 0.0000 0.0000 178
 245   99  1 2  1 0 0.000000 -0.369700   0.00000   0    0      0    0    0  0.0000   0.00  0.0000 0.0000 .00000 0.0000 0.0000 179
  97  100  1 2  1 0 0.002200  0.291500   0.00000   0    0      0    0    0  0.0000   0.00  0.0000 0.0000 .00000 0.0000 0.0000 180
  98   99  1 2  1 0 0.000000  0.033900   0.00000   0    0      0    0    0  0.0000   0.00  0.0000 0.0000 .00000 0.0000 0.0000 181
  98  100  1 2  1 0 0.000000  0.058200   0.00000   0    0      0    0    0  0.0000   0.00  0.0000 0.0000 .00000 0.0000 0.0000 182
 101  102  1 2  1 0 0.080800  0.234400   0.02900   0    0      0    0    0  0.0000   0.00  0.0000 0.0000 .00000 0.0000 0.0000 183
 101  104  1 2  1 0 0.096500  0.366900   0.05400   0    0      0    0    0  0.0000   0.00  0.0000 0.0000 .00000 0.0000 0.0000 184
 102  103  1 2  1 0 0.036000  0.107600   0.11700   0    0      0    0    0  0.0000   0.00  0.0000 0.0000 .00000 0.0000 0.0000 185
 102  104  1 2  1 0 0.047600  0.141400   0.14900   0    0      0    0    0  0.0000   0.00  0.0000 0.0000 .00000 0.0000 0.0000 186
 104  105  1 2  1 0 0.000600  0.019700   0.00000   0    0      0    0    0  0.0000   0.00  0.0000 0.0000 .00000 0.0000 0.0000 187
 105  106  1 2  1 0 0.005900  0.040500   0.25000   0    0      0    0    0  0.0000   0.00  0.0000 0.0000 .00000 0.0000 0.0000 188
 105  108  1 2  1 0 0.011500  0.110600   0.18500   0    0      0    0    0  0.0000   0.00  0.0000 0.0000 .00000 0.0000 0.0000 189
 105  111  1 2  1 0 0.019800  0.168800   0.32100   0    0      0    0    0  0.0000   0.00  0.0000 0.0000 .00000 0.0000 0.0000 190
 105  136  1 2  1 0 0.005000  0.050000   0.33000   0    0      0    0    0  0.0000   0.00  0.0000 0.0000 .00000 0.0000 0.0000 191
 105  137  1 2  1 0 0.007700  0.053800   0.33500   0    0      0    0    0  0.0000   0.00  0.0000 0.0000 .00000 0.0000 0.0000 192
 105  148  1 2  1 0 0.016500  0.115700   0.17100   0    0      0    0    0  0.0000   0.00  0.0000 0.0000 .00000 0.0000 0.0000 193
 106  107  1 2  1 0 0.005900  0.057700   0.09500   0    0      0    0    0  0.0000   0.00  0.0000 0.0000 .00000 0.0000 0.0000 194
 106  113  1 2  1 0 0.004900  0.033600   0.20800   0    0      0    0    0  0.0000   0.00  0.0000 0.0000 .00000 0.0000 0.0000 195
 106  147  1 2  1 0 0.005900  0.057700   0.09500   0    0      0    0    0  0.0000   0.00  0.0000 0.0000 .00000 0.0000 0.0000 196
 107  109  1 2  1 0 0.007800  0.077300   0.12600   0    0      0    0    0  0.0000   0.00  0.0000 0.0000 .00000 0.0000 0.0000 197
 107  112  1 2  1 0 0.002600  0.019300   0.03000   0    0      0    0    0  0.0000   0.00  0.0000 0.0000 .00000 0.0000 0.0000 198
 108  109  1 2  1 0 0.007600  0.075200   0.12200   0    0      0    0    0  0.0000   0.00  0.0000 0.0000 .00000 0.0000 0.0000 199
 108  112  1 2  1 0 0.002100  0.018600   0.03000   0    0      0    0    0  0.0000   0.00  0.0000 0.0000 .00000 0.0000 0.0000 200
 109  111  1 2  1 0 0.001600  0.016400   0.02600   0    0      0    0    0  0.0000   0.00  0.0000 0.0000 .00000 0.0000 0.0000 201
 109  130  1 2  1 0 0.001700  0.016500   0.02600   0    0      0    0    0  0.0000   0.00  0.0000 0.0000 .00000 0.0000 0.0000 202
 109  146  1 2  1 0 0.007900  0.079300   0.12700   0    0      0    0    0  0.0000   0.00  0.0000 0.0000 .00000 0.0000 0.0000 203
 109  147  1 2  1 0 0.007800  0.078400   0.12500   0    0      0    0    0  0.0000   0.00  0.0000 0.0000 .00000 0.0000 0.0000 204
 112  116  1 2  1 0 0.001700  0.011700   0.28900   0    0      0    0    0  0.0000   0.00  0.0000 0.0000 .00000 0.0000 0.0000 205
 112  147  1 2  1 0 0.002600  0.019300   0.03000   0    0      0    0    0  0.0000   0.00  0.0000 0.0000 .00000 0.0000 0.0000 206
 112  148  1 2  1 0 0.002100  0.018600   0.03000   0    0      0    0    0  0.0000   0.00  0.0000 0.0000 .00000 0.0000 0.0000 207
 112  150  1 2  1 0 0.000200  0.010100   0.00000   0    0      0    0    0  0.0000   0.00  0.0000 0.0000 .00000 0.0000 0.0000 208
 113  114  1 2  1 0 0.004300  0.029300   0.18000   0    0      0    0    0  0.0000   0.00  0.0000 0.0000 .00000 0.0000 0.0000 209
 113  163  1 2  1 0 0.003900  0.038100   0.25800   0    0      0    0    0  0.0000   0.00  0.0000 0.0000 .00000 0.0000 0.0000 210
 114  115  1 2  1 0 0.009100  0.062300   0.38500   0    0      0    0    0  0.0000   0.00  0.0000 0.0000 .00000 0.0000 0.0000 211
 115  116  1 2  1 0 0.012500  0.089000   0.54000   0    0      0    0    0  0.0000   0.00  0.0000 0.0000 .00000 0.0000 0.0000 212
 115  131  1 2  1 0 0.005600  0.039000   0.95300   0    0      0    0    0  0.0000   0.00  0.0000 0.0000 .00000 0.0000 0.0000 213
 116  119  1 2  1 0 0.001500  0.011400   0.28400   0    0      0    0    0  0.0000   0.00  0.0000 0.0000 .00000 0.0000 0.0000 214
 116  160  1 2  1 0 0.000500  0.003400   0.02100   0    0      0    0    0  0.0000   0.00  0.0000 0.0000 .00000 0.0000 0.0000 215
 116  165  1 2  1 0 0.000700  0.015100   0.12600   0    0      0    0    0  0.0000   0.00  0.0000 0.0000 .00000 0.0000 0.0000 216
 116  167  1 2  1 0 0.000500  0.003400   0.02100   0    0      0    0    0  0.0000   0.00  0.0000 0.0000 .00000 0.0000 0.0000 217
 118  151  1 2  1 0 0.056200  0.224800   0.08100   0    0      0    0    0  0.0000   0.00  0.0000 0.0000 .00000 0.0000 0.0000 218
 119  120  1 2  1 0 0.012000  0.083600   0.12300   0    0      0    0    0  0.0000   0.00  0.0000 0.0000 .00000 0.0000 0.0000 219
 119  121  1 2  1 0 0.015200  0.113200   0.68400   0    0      0    0    0  0.0000   0.00  0.0000 0.0000 .00000 0.0000 0.0000 220
 119  124  1 2  1 0 0.046800  0.336900   0.51900   0    0      0    0    0  0.0000   0.00  0.0000 0.0000 .00000 0.0000 0.0000 221
 119  125  1 2  1 0 0.043000  0.303100   0.46300   0    0      0    0    0  0.0000   0.00  0.0000 0.0000 .00000 0.0000 0.0000 222
 119  126  1 2  1 0 0.048900  0.349200   0.53800   0    0      0    0    0  0.0000   0.00  0.0000 0.0000 .00000 0.0000 0.0000 223
 119  161  1 2  1 0 0.001300  0.008900   0.11900   0    0      0    0    0  0.0000   0.00  0.0000 0.0000 .00000 0.0000 0.0000 224
 120  125  1 2  1 0 0.029100  0.226700   0.34200   0    0      0    0    0  0.0000   0.00  0.0000 0.0000 .00000 0.0000 0.0000 225
 121  122  1 2  1 0 0.006000  0.057000   0.76700   0    0      0    0    0  0.0000   0.00  0.0000 0.0000 .00000 0.0000 0.0000 226
 122  124  1 2  1 0 0.007500  0.077300   0.11900   0    0      0    0    0  0.0000   0.00  0.0000 0.0000 .00000 0.0000 0.0000 227
 122  128  1 2  1 0 0.012700  0.090900   0.13500   0    0      0    0    0  0.0000   0.00  0.0000 0.0000 .00000 0.0000 0.0000 228
 124  125  1 2  1 0 0.008500  0.058800   0.08700   0    0      0    0    0  0.0000   0.00  0.0000 0.0000 .00000 0.0000 0.0000 229
 124  128  1 2  1 0 0.021800  0.151100   0.22300   0    0      0    0    0  0.0000   0.00  0.0000 0.0000 .00000 0.0000 0.0000 230
 125  126  1 2  1 0 0.007300  0.050400   0.07400   0    0      0    0    0  0.0000   0.00  0.0000 0.0000 .00000 0.0000 0.0000 231
 127  157  1 2  1 0 0.052300  0.152600   0.07400   0    0      0    0    0  0.0000   0.00  0.0000 0.0000 .00000 0.0000 0.0000 232
 127  158  1 2  1 0 0.137100  0.391900   0.07600   0    0      0    0    0  0.0000   0.00  0.0000 0.0000 .00000 0.0000 0.0000 233
 131  132  1 2  1 0 0.013700  0.095700   0.14100   0    0      0    0    0  0.0000   0.00  0.0000 0.0000 .00000 0.0000 0.0000 234
 132  140  1 2  1 0 0.005500  0.028800   0.19000   0    0      0    0    0  0.0000   0.00  0.0000 0.0000 .00000 0.0000 0.0000 235
 133  135  1 2  1 0 0.174600  0.316100   0.04000   0    0      0    0    0  0.0000   0.00  0.0000 0.0000 .00000 0.0000 0.0000 236
 133  162  1 2  1 0 0.080400  0.305400   0.04500   0    0      0    0    0  0.0000   0.00  0.0000 0.0000 .00000 0.0000 0.0000 237
 134  140  1 2  1 0 0.011000  0.056800   0.38800   0    0      0    0    0  0.0000   0.00  0.0000 0.0000 .00000 0.0000 0.0000 238
 136  138  1 2  1 0 0.000800  0.009800   0.06900   0    0      0    0    0  0.0000   0.00  0.0000 0.0000 .00000 0.0000 0.0000 239
 137  138  1 2  1 0 0.002900  0.028500   0.19000   0    0      0    0    0  0.0000   0.00  0.0000 0.0000 .00000 0.0000 0.0000 240
 137  139  1 2  1 0 0.006600  0.044800   0.27700   0    0      0    0    0  0.0000   0.00  0.0000 0.0000 .00000 0.0000 0.0000 241
 141  143  1 2  1 0 0.002400  0.032600   0.23600   0    0      0    0    0  0.0000   0.00  0.0000 0.0000 .00000 0.0000 0.0000 242
 141  144  1 2  1 0 0.001800  0.024500   1.66200   0    0      0    0    0  0.0000   0.00  0.0000 0.0000 .00000 0.0000 0.0000 243
 142  143  1 2  1 0 0.004400  0.051400   3.59700   0    0      0    0    0  0.0000   0.00  0.0000 0.0000 .00000 0.0000 0.0000 244
 144  145  1 2  1 0 0.000200  0.012300   0.00000   0    0      0    0    0  0.0000   0.00  0.0000 0.0000 .00000 0.0000 0.0000 245
 146  148  1 2  1 0 0.001800  0.017800   0.02900   0    0      0    0    0  0.0000   0.00  0.0000 0.0000 .00000 0.0000 0.0000 246
 151  152  1 2  1 0 0.066900  0.484300   0.06300   0    0      0    0    0  0.0000   0.00  0.0000 0.0000 .00000 0.0000 0.0000 247
 151  153  1 2  1 0 0.055800  0.221000   0.03100   0    0      0    0    0  0.0000   0.00  0.0000 0.0000 .00000 0.0000 0.0000 248
 152  153  1 2  1 0 0.080700  0.333100   0.04900   0    0      0    0    0  0.0000   0.00  0.0000 0.0000 .00000 0.0000 0.0000 249
 152  154  1 2  1 0 0.073900  0.307100   0.04300   0    0      0    0    0  0.0000   0.00  0.0000 0.0000 .00000 0.0000 0.0000 250
 152  155  1 2  1 0 0.179900  0.501700   0.06900   0    0      0    0    0  0.0000   0.00  0.0000 0.0000 .00000 0.0000 0.0000 251
 154  155  1 2  1 0 0.090400  0.362600   0.04800   0    0      0    0    0  0.0000   0.00  0.0000 0.0000 .00000 0.0000 0.0000 252
 154  158  1 2  1 0 0.077000  0.309200   0.05400   0    0      0    0    0  0.0000   0.00  0.0000 0.0000 .00000 0.0000 0.0000 253
 155  156  1 2  1 0 0.025100  0.082900   0.04700   0    0      0    0    0  0.0000   0.00  0.0000 0.0000 .00000 0.0000 0.0000 254
 156  157  1 2  1 0 0.022200  0.084700   0.05000   0    0      0    0    0  0.0000   0.00  0.0000 0.0000 .00000 0.0000 0.0000 255
 157  158  1 2  1 0 0.049800  0.185500   0.02900   0    0      0    0    0  0.0000   0.00  0.0000 0.0000 .00000 0.0000 0.0000 256
 157  159  1 2  1 0 0.006100  0.029000   0.08400   0    0      0    0    0  0.0000   0.00  0.0000 0.0000 .00000 0.0000 0.0000 257
 160  117  1 2  1 0 0.000400  0.020200   0.00000   0    0      0    0    0  0.0000   0.00  0.0000 0.0000 .00000 0.0000 0.0000 258
 160  166  1 2  1 0 0.000400  0.008300   0.11500   0    0      0    0    0  0.0000   0.00  0.0000 0.0000 .00000 0.0000 0.0000 259
 163  164  1 2  1 0 0.002500  0.024500   0.16400   0    0      0    0    0  0.0000   0.00  0.0000 0.0000 .00000 0.0000 0.0000 260
 165  167  1 2  1 0 0.000700  0.008600   0.11500   0    0      0    0    0  0.0000   0.00  0.0000 0.0000 .00000 0.0000 0.0000 261
 166  167  1 2  1 0 0.000700  0.008600   0.11500   0    0      0    0    0  0.0000   0.00  0.0000 0.0000 .00000 0.0000 0.0000 262
 167  117  1 2  1 0 0.000400  0.020200   0.00000   0    0      0    0    0  0.0000   0.00  0.0000 0.0000 .00000 0.0000 0.0000 263
 168  187  1 3  1 0 0.033000  0.095000   0.00000   0    0      0    0    0  0.0000   0.00  0.0000 0.0000 .00000 0.0000 0.0000 264
 168  188  1 3  1 0 0.046000  0.069000   0.00000   0    0      0    0    0  0.0000   0.00  0.0000 0.0000 .00000 0.0000 0.0000 265
 169  210  1 3  1 0 0.000400  0.002200   6.20000   0    0      0    0    0  0.0000   0.00  0.0000 0.0000 .00000 0.0000 0.0000 266
 169  219  1 3  1 0 0.000000  0.027500   0.00000   0    0      0    0    0  0.0000   0.00  0.0000 0.0000 .00000 0.0000 0.0000 267
 170  171  1 3  1 0 0.003000  0.048000   0.00000   0    0      0    0    0  0.0000   0.00  0.0000 0.0000 .00000 0.0000 0.0000 268
 171  204  1 3  1 0 0.002000  0.009000   0.00000   0    0      0    0    0  0.0000   0.00  0.0000 0.0000 .00000 0.0000 0.0000 269
 172  184  1 3  1 0 0.045000  0.063000   0.00000   0    0      0    0    0  0.0000   0.00  0.0000 0.0000 .00000 0.0000 0.0000 270
 172  187  1 3  1 0 0.048000  0.127000   0.00000   0    0      0    0    0  0.0000   0.00  0.0000 0.0000 .00000 0.0000 0.0000 271
 173  198  1 3  1 0 0.003100  0.028600   0.50000   0    0      0    0    0  0.0000   0.00  0.0000 0.0000 .00000 0.0000 0.0000 272
 173  242  1 3  1 0 0.002400  0.035500   0.36000   0    0      0    0    0  0.0000   0.00  0.0000 0.0000 .00000 0.0000 0.0000 273
 174  198  1 3  1 0 0.003100  0.028600   0.50000   0    0      0    0    0  0.0000   0.00  0.0000 0.0000 .00000 0.0000 0.0000 274
 175  176  1 3  1 0 0.014000  0.040000   0.00400   0    0      0    0    0  0.0000   0.00  0.0000 0.0000 .00000 0.0000 0.0000 275
 175  189  1 3  1 0 0.030000  0.081000   0.01000   0    0      0    0    0  0.0000   0.00  0.0000 0.0000 .00000 0.0000 0.0000 276
 176  177  1 3  1 0 0.010000  0.060000   0.00900   0    0      0    0    0  0.0000   0.00  0.0000 0.0000 .00000 0.0000 0.0000 277
 176  190  1 3  1 0 0.015000  0.040000   0.00600   0    0      0    0    0  0.0000   0.00  0.0000 0.0000 .00000 0.0000 0.0000 278
 177  181  1 3  1 0 0.332000  0.688000   0.00000   0    0      0    0    0  0.0000   0.00  0.0000 0.0000 .00000 0.0000 0.0000 279
 177  182  1 3  1 0 0.009000  0.046000   0.02500   0    0      0    0    0  0.0000   0.00  0.0000 0.0000 .00000 0.0000 0.0000 280
 177  189  1 3  1 0 0.020000  0.073000   0.00800   0    0      0    0    0  0.0000   0.00  0.0000 0.0000 .00000 0.0000 0.0000 281
 177  190  1 3  1 0 0.034000  0.109000   0.03200   0    0      0    0    0  0.0000   0.00  0.0000 0.0000 .00000 0.0000 0.0000 282
 178  179  1 3  1 0 0.076000  0.135000   0.00900   0    0      0    0    0  0.0000   0.00  0.0000 0.0000 .00000 0.0000 0.0000 283
 178  189  1 3  1 0 0.040000  0.102000   0.00500   0    0      0    0    0  0.0000   0.00  0.0000 0.0000 .00000 0.0000 0.0000 284
 179  189  1 3  1 0 0.081000  0.128000   0.01400   0    0      0    0    0  0.0000   0.00  0.0000 0.0000 .00000 0.0000 0.0000 285
 180  183  1 3  1 0 0.124000  0.183000   0.00000   0    0      0    0    0  0.0000   0.00  0.0000 0.0000 .00000 0.0000 0.0000 286
 182  190  1 3  1 0 0.010000  0.059000   0.00800   0    0      0    0    0  0.0000   0.00  0.0000 0.0000 .00000 0.0000 0.0000 287
 183  184  1 3  1 0 0.046000  0.068000   0.00000   0    0      0    0    0  0.0000   0.00  0.0000 0.0000 .00000 0.0000 0.0000 288
 184  185  1 3  1 0 0.302000  0.446000   0.00000   0    0      0    0    0  0.0000   0.00  0.0000 0.0000 .00000 0.0000 0.0000 289
 185  186  1 1  1 0 0.073000  0.093000   0.00000   0    0      0    0    0  0.0000   0.00  0.0000 0.0000 .00000 0.0000 0.0000 290
 185  187  1 3  1 0 0.240000  0.421000   0.00000   0    0      0    0    0  0.0000   0.00  0.0000 0.0000 .00000 0.0000 0.0000 291
 191  194  1 3  1 0 0.013900  0.077800   0.08600   0    0      0    0    0  0.0000   0.00  0.0000 0.0000 .00000 0.0000 0.0000 292
 192  193  1 3  1 1 0.002500  0.038000   0.00000   0    0      0    0    0  1.0000   0.00  0.0000 0.0000 .00000 0.0000 0.0000 293
 193  194  1 3  1 0 0.001700  0.018500   0.02000   0    0      0    0    0  0.0000   0.00  0.0000 0.0000 .00000 0.0000 0.0000 294
 193  221  1 3  1 0 0.001500  0.010800   0.00200   0    0      0    0    0  0.0000   0.00  0.0000 0.0000 .00000 0.0000 0.0000 295
 194  195  1 3  1 0 0.004500  0.024900   0.02600   0    0      0    0    0  0.0000   0.00  0.0000 0.0000 .00000 0.0000 0.0000 296
 195  196  1 3  1 0 0.004000  0.049700   0.01800   0    0      0    0    0  0.0000   0.00  0.0000 0.0000 .00000 0.0000 0.0000 297
 196  197  1 3  1 0 0.000000  0.045600   0.00000   0    0      0    0    0  0.0000   0.00  0.0000 0.0000 .00000 0.0000 0.0000 298
 196  198  1 3  1 0 0.000500  0.017700   0.02000   0    0      0    0    0  0.0000   0.00  0.0000 0.0000 .00000 0.0000 0.0000 299
 196  199  1 3  1 0 0.002700  0.039500   0.83200   0    0      0    0    0  0.0000   0.00  0.0000 0.0000 .00000 0.0000 0.0000 300
 198  216  1 3  1 0 0.000300  0.001800   5.20000   0    0      0    0    0  0.0000   0.00  0.0000 0.0000 .00000 0.0000 0.0000 301
 199  197  1 3  1 0 0.003700  0.048400   0.43000   0    0      0    0    0  0.0000   0.00  0.0000 0.0000 .00000 0.0000 0.0000 302
 199  200  1 3  1 0 0.001000  0.029500   0.50300   0    0      0    0    0  0.0000   0.00  0.0000 0.0000 .00000 0.0000 0.0000 303
 199  217  1 3  1 0 0.001600  0.004600   0.40200   0    0      0    0    0  0.0000   0.00  0.0000 0.0000 .00000 0.0000 0.0000 304
 200  202  1 3  1 0 0.000300  0.001300   1.00000   0    0      0    0    0  0.0000   0.00  0.0000 0.0000 .00000 0.0000 0.0000 305
 201  216  1 3  1 1 0.001400  0.051400   0.33000   0    0      0    0    0  1.0000   0.00  0.0000 0.0000 .00000 0.0000 0.0000 306
 203  204  1 3  1 0 0.010000  0.064000   0.48000   0    0      0    0    0  0.0000   0.00  0.0000 0.0000 .00000 0.0000 0.0000 307
 203  205  1 3  1 0 0.001900  0.008100   0.86000   0    0      0    0    0  0.0000   0.00  0.0000 0.0000 .00000 0.0000 0.0000 308
 204  170  1 3  1 0 0.001000  0.061000   0.00000   0    0      0    0    0  0.0000   0.00  0.0000 0.0000 .00000 0.0000 0.0000 309
 205  210  1 3  1 0 0.000500  0.021200   0.00000   0    0      0    0    0  0.0000   0.00  0.0000 0.0000 .00000 0.0000 0.0000 310
 206  210  1 3  1 1 0.000900  0.047200   0.18600   0    0      0    0    0  1.0000   0.00  0.0000 0.0000 .00000 0.0000 0.0000 311
 207  208  1 3  1 0 0.001900  0.008700   1.28000   0    0      0    0    0  0.0000   0.00  0.0000 0.0000 .00000 0.0000 0.0000 312
 207  210  1 3  1 0 0.002600  0.091700   0.00000   0    0      0    0    0  0.0000   0.00  0.0000 0.0000 .00000 0.0000 0.0000 313
 207  213  1 3  1 0 0.001300  0.028800   0.81000   0    0      0    0    0  0.0000   0.00  0.0000 0.0000 .00000 0.0000 0.0000 314
 208  169  1 3  1 0 0.000000  0.062600   0.00000   0    0      0    0    0  0.0000   0.00  0.0000 0.0000 .00000 0.0000 0.0000 315
 210  211  1 3  1 0 0.000200  0.006900   1.36400   0    0      0    0    0  0.0000   0.00  0.0000 0.0000 .00000 0.0000 0.0000 316
 210  216  1 3  1 0 0.000100  0.000600   3.57000   0    0      0    0    0  0.0000   0.00  0.0000 0.0000 .00000 0.0000 0.0000 317
 211  212  1 3  1 0 0.001700  0.048500   0.00000   0    0      0    0    0  0.0000   0.00  0.0000 0.0000 .00000 0.0000 0.0000 318
 213  214  1 3  1 0 0.000200  0.025900   0.14400   0    0      0    0    0  0.0000   0.00  0.0000 0.0000 .00000 0.0000 0.0000 319
 213  216  1 3  1 0 0.000600  0.027200   0.00000   0    0      0    0    0  0.0000   0.00  0.0000 0.0000 .00000 0.0000 0.0000 320
 214  217  1 3  1 0 0.000200  0.000600   0.80000   0    0      0    0    0  0.0000   0.00  0.0000 0.0000 .00000 0.0000 0.0000 321
 220  216  1 3  1 1 0.000500  0.015400   0.00000   0    0      0    0    0  1.0000   0.00  0.0000 0.0000 .00000 0.0000 0.0000 322
 219  230  1 3  1 0 0.000300  0.004300   0.00900   0    0      0    0    0  0.0000   0.00  0.0000 0.0000 .00000 0.0000 0.0000 323
 221  224  1 3  1 0 0.008200  0.085100   0.00000   0    0      0    0    0  0.0000   0.00  0.0000 0.0000 .00000 0.0000 0.0000 324
 221  226  1 3  1 0 0.011200  0.072300   0.00000   0    0      0    0    0  0.0000   0.00  0.0000 0.0000 .00000 0.0000 0.0000 325
 222  223  1 3  1 0 0.012700  0.035500   0.00000   0    0      0    0    0  0.0000   0.00  0.0000 0.0000 .00000 0.0000 0.0000 326
 222  224  1 3  1 0 0.032600  0.180400   0.00000   0    0      0    0    0  0.0000   0.00  0.0000 0.0000 .00000 0.0000 0.0000 327
 223  225  1 3  1 0 0.019500  0.055100   0.00000   0    0      0    0    0  0.0000   0.00  0.0000 0.0000 .00000 0.0000 0.0000 328
 224  225  1 3  1 0 0.015700  0.073200   0.00000   0    0      0    0    0  0.0000   0.00  0.0000 0.0000 .00000 0.0000 0.0000 329
 224  226  1 3  1 0 0.036000  0.211900   0.00000   0    0      0    0    0  0.0000   0.00  0.0000 0.0000 .00000 0.0000 0.0000 330
 225  226  1 3  1 0 0.026800  0.128500   0.00000   0    0      0    0    0  0.0000   0.00  0.0000 0.0000 .00000 0.0000 0.0000 331
 226  227  1 3  1 0 0.042800  0.121500   0.00000   0    0      0    0    0  0.0000   0.00  0.0000 0.0000 .00000 0.0000 0.0000 332
 227  228  1 3  1 0 0.035100  0.100400   0.00000   0    0      0    0    0  0.0000   0.00  0.0000 0.0000 .00000 0.0000 0.0000 333
 228  229  1 3  1 0 0.061600  0.185700   0.00000   0    0      0    0    0  0.0000   0.00  0.0000 0.0000 .00000 0.0000 0.0000 334
   3    1  1 1  1 2 0.000000  0.052000   0.00000   0    0      0    1    0  0.9470   0.00  0.9000 1.1000 .00200 0.9000 1.1000 335
   3    2  1 1  1 2 0.000000  0.052000   0.00000   0    0      0    2    0  0.9560   0.00  0.9000 1.1000 .00200 0.9000 1.1000 336
   3    4  1 1  1 2 0.000000  0.005000   0.00000   0    0      0    4    0  0.9710   0.00  0.9000 1.1000 .00200 0.9000 1.1000 337
   7    5  1 1  1 2 0.000000  0.039000   0.00000   0    0      0    5    0  0.9480   0.00  0.9000 1.1000 .00200 0.9000 1.1000 338
   7    6  1 1  1 2 0.000000  0.039000   0.00000   0    0      0    6    0  0.9590   0.00  0.9000 1.1000 .00200 0.9000 1.1000 339
  10   11  1 1  1 2 0.000000  0.089000   0.00000   0    0      0    11   0  1.0460   0.00  0.9000 1.1000 .00200 0.9000 1.1000 340
  12   10  1 1  1 1 0.000000  0.053000   0.00000   0    0      0    10   0  0.9850   0.00  0.9000 1.1000 .00200 0.9000 1.1000 341
  15   17  1 1  1 2 0.019400  0.031100   0.00000   0    0      0    17   0  0.9561   0.00  0.9000 1.1000 .00200 0.9000 1.1000 342
  16   15  1 1  1 2 0.001000  0.038000   0.00000   0    0      0    15   0  0.9710   0.00  0.9000 1.1000 .00200 0.9000 1.1000 343
  20   19  1 1  1 1 0.000000  0.014000   0.00000   0    0      0    20   0  0.9520   0.00  0.9000 1.1000 .00200 0.9000 1.1000 344
  23   22  1 1  1 2 0.000000  0.064000   0.00000   0    0      0    23   0  0.9430   0.00  0.9000 1.1000 .00200 0.9000 1.1000 345
  30   29  1 1  1 2 0.000000  0.047000   0.00000   0    0      0    35   0  1.0100   0.00  0.9000 1.1000 .00200 0.9000 1.1000 346
  39   38  1 1  1 2 0.000000  0.020000   0.00000   0    0      0    44   0  1.0080   0.00  0.9000 1.1000 .00200 0.9000 1.1000 347
  39   40  1 1  1 2 0.000000  0.021000   0.00000   0    0      0    46   0  1.0000   0.00  0.9000 1.1000 .00200 0.9000 1.1000 348
  54   53  1 1  1 2 0.000000  0.059000   0.00000   0    0      0    61   0  0.9750   0.00  0.9000 1.1000 .00200 0.9000 1.1000 349
  55   56  1 1  1 2 0.000000  0.038000   0.00000   0    0      0    64   0  1.0170   0.00  0.9000 1.1000 .00200 0.9000 1.1000 350
  61   62  1 1  1 2 0.000000  0.024400   0.00000   0    0      0    74   0  1.0000   0.00  0.9000 1.1000 .00200 0.9000 1.1000 351
  68   73  1 1  1 2 0.000000  0.020000   0.00000   0    0      0    88   0  1.0000   0.00  0.9000 1.1000 .00200 0.9000 1.1000 352
  70   81  1 1  1 2 0.000000  0.048000   0.00000   0    0      0    99   0  1.0000   0.00  0.9000 1.1000 .00200 0.9000 1.1000 353
  71   83  1 1  1 2 0.000000  0.048000   0.00000   0    0      0    102  0  1.0000   0.00  0.9000 1.1000 .00200 0.9000 1.1000 354
  72   78  1 1  1 2 0.000000  0.046000   0.00000   0    0      0    94   0  1.0150   0.00  0.9000 1.1000 .00200 0.9000 1.1000 355
  93  186  1 1  1 2 0.000000  0.149000   0.00000   0    0      0    207  0  0.9670   0.00  0.9000 1.1000 .00200 0.9000 1.1000 356
  95  103  1 2  1 1 0.005200  0.017400   0.00000   0    0      0    124  0  1.0100   0.00  0.9000 1.1000 .00200 0.9000 1.1000 357
 100   94  1 2  1 2 0.000000  0.028000   0.00000   0    0      0    115  0  1.0500   0.00  0.9000 1.1000 .00200 0.9000 1.1000 358
 101  136  1 2  1 2 0.000500  0.019500   0.00000   0    0      0    157  0  1.0000   0.00  0.9000 1.1000 .00200 0.9000 1.1000 359
 109  110  1 2  1 2 0.000000  0.018000   0.00000   0    0      0    131  0  1.0522   0.00  0.9000 1.1000 .00200 0.9000 1.1000 360
 109  129  1 2  1 2 0.000000  0.014000   0.00000   0    0      0    150  0  1.0522   0.00  0.9000 1.1000 .00200 0.9000 1.1000 361
 111  149  1 2  1 1 0.001000  0.040200   0.00000   0    0      0    170  0  1.0500   0.00  0.9000 1.1000 .00200 0.9000 1.1000 362
 120  153  1 2  1 2 0.002400  0.060300   0.00000   0    0      0    174  0  0.9750   0.00  0.9000 1.1000 .00200 0.9000 1.1000 363
 121  154  1 2  1 2 0.002400  0.049800  -0.08700   0    0      0    175  0  1.0000   0.00  0.9000 1.1000 .00200 0.9000 1.1000 364
 122  123  1 2  1 2 0.000000  0.083300   0.00000   0    0      0    144  0  1.0350   0.00  0.9000 1.1000 .00200 0.9000 1.1000 365
 122  127  1 2  1 2 0.001300  0.037100   0.00000   0    0      0    148  0  0.9565   0.00  0.9000 1.1000 .00200 0.9000 1.1000 366
 124  159  1 2  1 2 0.000500  0.018200   0.00000   0    0      0    180  0  1.0000   0.00  0.9000 1.1000 .00200 0.9000 1.1000 367
 130  149  1 2  1 1 0.001000  0.039200   0.00000   0    0      0    170  0  1.0500   0.00  0.9000 1.1000 .00200 0.9000 1.1000 368
 132  162  1 2  1 2 0.002700  0.063900   0.00000   0    0      0    183  0  1.0730   0.00  0.9000 1.1000 .00200 0.9000 1.1000 369
 134  135  1 2  1 1 0.000800  0.025600   0.00000   0    0      0    156  0  1.0500   0.00  0.9000 1.1000 .00200 0.9000 1.1000 370
 138   96  1 2  1 2 0.000000  0.016000   0.00000   0    0      0    117  0  1.0506   0.00  0.9000 1.1000 .00200 0.9000 1.1000 371
 139  103  1 2  1 1 0.001200  0.039600   0.00000   0    0      0    124  0  0.9750   0.00  0.9000 1.1000 .00200 0.9000 1.1000 372
 142  116  1 2  1 2 0.001300  0.038400  -0.05700   0    0      0    137  0  0.9800   0.00  0.9000 1.1000 .00200 0.9000 1.1000 373
 143  134  1 2  1 2 0.000900  0.023100  -0.03300   0    0      0    155  0  0.9560   0.00  0.9000 1.1000 .00200 0.9000 1.1000 374
 161  118  1 2  1 2 0.000300  0.013100   0.00000   0    0      0    139  0  1.0500   0.00  0.9000 1.1000 .00200 0.9000 1.1000 375
 168  189  1 3  1 2 0.000000  0.252000   0.00000   0    0      0    210  0  1.0300   0.00  0.9000 1.1000 .00200 0.9000 1.1000 376
 172  175  1 3  1 2 0.000000  0.237000   0.00000   0    0      0    196  0  1.0300   0.00  0.9000 1.1000 .00200 0.9000 1.1000 377
 174  191  1 3  1 2 0.000800  0.036600   0.00000   0    0      0    212  0  0.9850   0.00  0.9000 1.1000 .00200 0.9000 1.1000 378
 179  227  1 3  1 2 0.000000  0.220000   0.00000   0    0      0    248  0  1.0000   0.00  0.9000 1.1000 .00200 0.9000 1.1000 379
 180   57  1 1  2 2 0.000000  0.098000   0.00000   0    0      0    69   0  1.0300   0.00  0.9000 1.1000 .00200 0.9000 1.1000 380
 181  190  1 3  1 2 0.000000  0.128000   0.00000   0    0      0    211  0  1.0100   0.00  0.9000 1.1000 .00200 0.9000 1.1000 381
 183  246  1 3  1 2 0.020000  0.204000  -0.01200   0    0      0    196  0  1.0500   0.00  0.9000 1.1000 .00200 0.9000 1.1000 382
 188  177  1 3  1 1 0.026000  0.211000   0.00000   0    0      0    198  0  1.0300   0.00  0.9000 1.1000 .00200 0.9000 1.1000 383
 190  191  1 3  1 2 0.003000  0.012200   0.00000   0    0      0    212  0  1.0000   0.00  0.9000 1.1000 .00200 0.9000 1.1000 384
 197  198  1 3  1 2 0.001000  0.035400  -0.01000   0    0      0    219  0  0.9700   0.00  0.9000 1.1000 .00200 0.9000 1.1000 385
 202  203  1 3  1 2 0.001200  0.019500  -0.36400   0    0      0    224  0  1.0000   0.00  0.9000 1.1000 .00200 0.9000 1.1000 386
 208  209  1 3  1 1 0.001000  0.033200   0.00000   0    0      0    230  0  1.0200   0.00  0.9000 1.1000 .00200 0.9000 1.1000 387
 213  215  1 3  1 1 0.000500  0.016000   0.00000   0    0      0    236  0  1.0700   0.00  0.9000 1.1000 .00200 0.9000 1.1000 388
 217  218  1 3  1 1 0.000500  0.016000   0.00000   0    0      0    239  0  1.0200   0.00  0.9000 1.1000 .00200 0.9000 1.1000 389
 175  246  1 3  1 4 0.000100  0.020000   0.00000   0    0      0    0    0  1.0000.  0.00  -15.00  0.00    0.30  80.0   85.0   390
  98  243  1 2  1 2 0.001000  0.023000   0.00000   0    0      0    1190 0  1.0223   0.00  0.8435 1.1565 .00313 1.0107 1.0145 391
  99  244  1 2  1 2 0.000000  0.023000   0.00000   0    0      0    1200 0  0.9284   0.00  0.8435 1.1565 .00313 1.0225 1.0263 392
 248    2  1 1  1 1 0.001000  0.014600   0.00000   0    0      0    0    0  1.0000   0.00  0.0000 0.0000 .00000 0.0000 0.0000 393
 249    3  1 1  1 1 0.000000  0.010540   0.00000   0    0      0    0    0  1.0000   0.00  0.0000 0.0000 .00000 0.0000 0.0000 394
 260   53  1 1  1 1 0.000000  0.023800   0.00000   0    0      0    0    0  1.0000   0.00  0.0000 0.0000 .00000 0.0000 0.0000 395
 261   54  1 1  1 1 0.000000  0.032140   0.00000   0    0      0    0    0  0.9500   0.00  0.0000 0.0000 .00000 0.0000 0.0000 396
 265  145  1 2  1 1 0.000000  0.015400   0.00000   0    0      0    0    0  1.0000   0.00  0.0000 0.0000 .00000 0.0000 0.0000 397
 254   23  1 1  1 1 0.000000  0.028900   0.00000   0    0      0    0    0  1.0000   0.00  0.0000 0.0000 .00000 0.0000 0.0000 398
 247    1  1 1  1 1 0.000000  0.019530   0.00000   0    0      0    0    0  1.0000   0.00  0.0000 0.0000 .00000 0.0000 0.0000 399
 263  109  1 2  1 1 0.000000  0.019300   0.00000   0    0      0    0    0  1.0000   0.00  0.0000 0.0000 .00000 0.0000 0.0000 400
 250   11  1 1  1 1 0.000000  0.019230   0.00000   0    0      0    0    0  1.0000   0.00  0.0000 0.0000 .00000 0.0000 0.0000 401
 253   22  1 1  1 1 0.000000  0.023000   0.00000   0    0      0    0    0  1.0000   0.00  0.0000 0.0000 .00000 0.0000 0.0000 402
 257   43  1 1  1 1 0.000000  0.012400   0.00000   0    0      0    0    0  1.0000   0.00  0.0000 0.0000 .00000 0.0000 0.0000 403
 264  118  1 2  1 1 0.000000  0.016700   0.00000   0    0      0    0    0  1.0000   0.00  0.0000 0.0000 .00000 0.0000 0.0000 404
 251   12  1 1  1 1 0.000000  0.031200   0.00000   0    0      0    0    0  1.0000   0.00  0.0000 0.0000 .00000 0.0000 0.0000 405
 252   17  1 1  1 1 0.000000  0.016540   0.00000   0    0      0    0    0  0.9420   0.00  0.0000 0.0000 .00000 0.0000 0.0000 406
 255   33  1 1  1 1 0.000000  0.031590   0.00000   0    0      0    0    0  0.9650   0.00  0.0000 0.0000 .00000 0.0000 0.0000 407
 259   49  1 1  1 1 0.000000  0.053470   0.00000   0    0      0    0    0  0.9500   0.00  0.0000 0.0000 .00000 0.0000 0.0000 408
 256   38  1 1  1 1 0.000000  0.181810   0.00000   0    0      0    0    0  0.9420   0.00  0.0000 0.0000 .00000 0.0000 0.0000 409
 258   48  1 1  1 1 0.000000  0.196070   0.00000   0    0      0    0    0  0.9420   0.00  0.0000 0.0000 .00000 0.0000 0.0000 410
 262   59  1 1  1 1 0.000000  0.068960   0.00000   0    0      0    0    0  0.9565   0.00  0.0000 0.0000 .00000 0.0000 0.0000 411
-999 1
LOSS ZONES FOLLOWS                              0 ITEMS
-99
END OF DATA
