  1    1    2    -0.1232  -0.1305  0.1242  0.1102
  2    1    3    -0.3868  -0.1816  0.3893  0.1799
  3    4    5    -1.0313  -0.5195  1.0336  0.5280
  4    3    5    -0.6817  -0.1588  0.6942  0.1871
  5    5    6     0.8847  0.0783  -0.8754  -0.0502
  6    6    7     0.3554  -0.0477  -0.3548  0.0450
  7    8    9    -4.4064  -0.8973  4.4525  0.2443
  8    8    5     3.3872  1.1698  -3.3872  -0.8469
  9    9   10    -4.4525  -0.2443  4.5000  -0.5104
 10    4   11     0.6413  -0.0071  -0.6327  0.0183
 11    5   11     0.7746  0.0534  -0.7624  -0.0297
 12   11   12     0.3438  -0.3337  -0.3424  0.3334
 13    2   12    -0.3242  -0.2002  0.3270  0.1943
 14    3   12    -0.0976  -0.1212  0.0986  0.0857
 15    7   12     0.1648  -0.0650  -0.1645  0.0576
 16   11   13     0.3513  0.1151  -0.3482  -0.1225
 17   12   14     0.1836  0.0261  -0.1828  -0.0413
 18   13   15     0.0082  -0.0375  -0.0081  -0.0214
 19   14   15     0.0428  0.0313  -0.0425  -0.0782
 20   12   16     0.0761  0.0424  -0.0759  -0.0625
 21   15   17    -1.0356  -0.2459  1.0514  0.2552
 22   16   17    -0.1741  -0.0375  0.1755  -0.0025
 23   17   18     0.8019  0.2498  -0.7931  -0.2262
 24   18   19     0.1931  0.1488  -0.1924  -0.1563
 25   19   20    -0.1062  0.0531  0.1066  -0.0786
 26   15   19     0.1148  0.1327  -0.1144  -0.1408
 27   20   21    -0.2866  0.0486  0.2883  -0.0605
 28   21   22    -0.4283  -0.0195  0.4325  0.0160
 29   22   23    -0.5325  -0.0660  0.5429  0.0752
 30   23   24     0.0825  0.1093  -0.0821  -0.1575
 31   23   25    -1.6256  -0.2586  1.6675  0.3831
 32   26   25     0.9020  0.2158  -0.9020  -0.1864
 33   25   27     1.4345  0.3005  -1.3706  -0.1528
 34   27   28     0.3285  -0.0059  -0.3263  -0.0044
 35   28   29     0.1563  -0.0656  -0.1556  0.0464
 36   30   17     2.3070  0.9389  -2.3070  -0.7106
 37    8   30     0.7392  0.2729  -0.7357  -0.7465
 38   26   30     2.2380  -0.1196  -2.1982  -0.3610
 39   17   31     0.1477  0.1158  -0.1458  -0.1479
 40   29   31    -0.0844  -0.0864  0.0846  0.0791
 41   23   32     0.9302  0.0441  -0.9025  -0.0562
 42   31   32    -0.2988  0.1141  0.3022  -0.1264
 43   27   32     0.1247  0.0050  -0.1243  -0.0217
 44   15   33     0.0715  -0.0551  -0.0712  0.0258
 45   19   34    -0.0371  -0.1077  0.0377  0.0496
 46   35   36     0.0063  0.0915  -0.0063  -0.0940
 47   35   37    -0.3363  -0.1815  0.3380  0.1761
 48   33   37    -0.1588  -0.1158  0.1603  0.0857
 49   34   36     0.3047  0.1199  -0.3037  -0.1225
 50   34   37    -0.9502  -0.5546  0.9534  0.5566
 51   38   37     2.4429  1.1009  -2.4429  -0.8471
 52   37   39     0.5498  0.0479  -0.5398  -0.0411
 53   37   40     0.4415  -0.0192  -0.4298  0.0118
 54   30   38     0.6268  0.1686  -0.6243  -0.5397
 55   39   40     0.2698  -0.0689  -0.2683  0.0592
 56   40   41     0.1555  0.0116  -0.1551  -0.0218
 57   40   42    -0.1174  -0.0648  0.1183  0.0233
 58   41   42    -0.2149  -0.0782  0.2171  0.0526
 59   43   44    -0.1625  0.0315  0.1644  -0.0807
 60   34   43     0.0178  0.0623  -0.0175  -0.1015
 61   44   45    -0.3244  0.0007  0.3269  -0.0117
 62   45   46    -0.3610  -0.1238  0.3670  0.1116
 63   46   47    -0.3102  -0.0125  0.3139  -0.0077
 64   46   48    -0.1468  -0.0257  0.1481  -0.0184
 65   47   49    -0.0950  -0.1084  0.0953  0.0928
 66   42   49    -0.6477  0.0520  0.6793  0.0037
 67   42   49    -0.6477  0.0520  0.6793  0.0037
 68   45   49    -0.4959  -0.0845  0.5139  0.0891
 69   48   49    -0.3481  -0.0916  0.3503  0.0848
 70   49   50     0.5368  0.1342  -0.5289  -0.1314
 71   49   51     0.6665  0.2044  -0.6437  -0.1740
 72   51   52     0.2857  0.0624  -0.2838  -0.0699
 73   52   53     0.1038  0.0199  -0.1032  -0.0545
 74   53   54    -0.1268  -0.0555  0.1273  0.0300
 75   49   54     0.3779  0.1307  -0.3660  -0.1559
 76   49   54     0.3777  0.1119  -0.3640  -0.1378
 77   54   55     0.0708  0.0146  -0.0707  -0.0325
 78   54   56     0.1855  0.0434  -0.1854  -0.0497
 79   55   56    -0.2144  -0.0582  0.2146  0.0556
 80   56   57    -0.2301  -0.0910  0.2323  0.0748
 81   50   57     0.3589  0.0914  -0.3523  -0.1048
 82   56   58    -0.0668  -0.0369  0.0670  0.0153
 83   51   58     0.1880  0.0315  -0.1870  -0.0453
 84   54   59    -0.3036  -0.0751  0.3088  0.0426
 85   56   59    -0.2794  -0.0418  0.2865  0.0099
 86   56   59    -0.2929  -0.0391  0.3005  0.0113
 87   55   59    -0.3449  -0.0827  0.3513  0.0588
 88   59   60    -0.4330  0.0357  0.4393  -0.0440
 89   59   61    -0.5171  0.0503  0.5263  -0.0462
 90   60   61    -1.1205  0.0852  1.1239  -0.0822
 91   60   62    -0.0988  -0.0711  0.0990  0.0574
 92   61   62     0.2548  -0.1385  -0.2541  0.1320
 93   63   59     1.5171  0.6749  -1.5171  -0.5704
 94   63   64    -1.5171  -0.6749  1.5219  0.5251
 95   64   61     0.3049  0.1399  -0.3049  -0.1369
 96   38   65    -1.8186  -0.5612  1.8508  -0.0996
 97   64   65    -1.8268  -0.6650  1.8367  0.4006
 98   49   66    -1.3210  0.0429  1.3509  0.0834
 99   49   66    -1.3210  0.0429  1.3509  0.0834
100   62   66    -0.3717  -0.1726  0.3794  0.1467
101   62   67    -0.2431  -0.1441  0.2451  0.1214
102   65   66     0.0830  0.7225  -0.0830  -0.7056
103   66   67     0.5317  0.1927  -0.5251  -0.1914
104   65   68     0.1395  -0.2241  -0.1394  -0.4187
105   47   69    -0.5589  0.1161  0.5862  -0.1006
106   49   69    -0.4650  0.1063  0.4874  -0.1205
107   68   69    -1.2584  1.1282  1.2584  -1.0364
108   69   70     1.0842  0.1607  -1.0498  -0.1397
109   24   70    -0.0624  -0.0297  0.0624  -0.0680
110   70   71     0.1667  -0.1238  -0.1663  0.1168
111   24   72     0.0145  0.0331  -0.0143  -0.0799
112   71   72     0.1062  -0.0094  -0.1057  -0.0314
113   71   73     0.0601  -0.1074  -0.0600  0.0965
114   70   74     0.1621  0.1289  -0.1601  -0.1542
115   70   75    -0.0013  0.0994  0.0019  -0.1317
116   69   75     1.1005  0.2048  -1.0519  -0.1829
117   74   75    -0.5199  -0.0619  0.5236  0.0644
118   76   77    -0.6114  -0.2105  0.6319  0.2439
119   69   77     0.6230  0.0676  -0.6114  -0.1377
120   75   77    -0.3459  -0.0956  0.3539  0.0738
121   77   78     0.4561  0.2005  -0.4552  -0.2102
122   78   79    -0.2548  -0.0498  0.2552  0.0450
123   77   80    -0.9692  -0.3728  0.9870  0.3742
124   77   80    -0.4453  -0.2049  0.4522  0.2055
125   79   80    -0.6452  -0.3650  0.6536  0.3833
126   68   81    -0.4434  -0.0460  0.4440  -0.7555
127   81   80    -0.4440  0.7555  0.4440  -0.7305
128   77   82    -0.0260  0.2772  0.0290  -0.3492
129   82   83    -0.4706  0.2400  0.4740  -0.2653
130   83   84    -0.2513  0.1047  0.2563  -0.1186
131   83   85    -0.4227  0.0606  0.4310  -0.0654
132   84   85    -0.3663  0.0486  0.3707  -0.0513
133   85   86     0.1717  -0.0735  -0.1705  0.0509
134   86   87    -0.0395  -0.1509  0.0400  0.1102
135   85   88    -0.5025  0.0756  0.5079  -0.0750
136   85   89    -0.7109  0.0064  0.7234  0.0374
137   88   89    -0.9879  -0.0250  1.0018  0.0771
138   89   90     0.5817  -0.0472  -0.5643  0.0579
139   89   90     1.1073  -0.0543  -1.0784  0.0704
140   90   91     0.0126  0.0447  -0.0126  -0.0651
141   89   92     2.0196  -0.0803  -1.9796  0.2296
142   89   92     0.6363  -0.0694  -0.6205  0.0918
143   91   92    -0.0874  -0.0890  0.0880  0.0589
144   92   93     0.5776  -0.0941  -0.5687  0.1020
145   92   94     0.5229  -0.1297  -0.5090  0.1356
146   93   94     0.4487  -0.1720  -0.4435  0.1709
147   94   95     0.4106  0.1179  -0.4081  -0.1205
148   80   96     0.1875  0.2311  -0.1841  -0.2649
149   82   96    -0.0984  -0.1609  0.0989  0.1097
150   94   96     0.1998  -0.0671  -0.1986  0.0484
151   80   97     0.2622  0.2781  -0.2596  -0.2915
152   80   98     0.2887  0.0833  -0.2867  -0.1045
153   80   99     0.1949  0.0818  -0.1927  -0.1296
154   92  100     0.3149  -0.1559  -0.3072  0.1432
155   94  100     0.0421  -0.5173  -0.0377  0.4707
156   95   96    -0.0119  -0.1895  0.0125  0.1772
157   96   97    -0.1086  -0.2204  0.1096  0.2015
158   98  100    -0.0533  0.0245  0.0535  -0.0731
159   99  100    -0.2273  -0.0458  0.2282  0.0278
160  100  101    -0.1678  0.2183  0.1701  -0.2412
161   92  102     0.4467  -0.0744  -0.4441  0.0716
162  101  102    -0.3901  0.0912  0.3941  -0.1016
163  100  103     1.2114  -0.0487  -1.1887  0.0686
164  100  104     0.5642  0.1062  -0.5495  -0.0934
165  103  104     0.3231  0.0812  -0.3177  -0.1026
166  103  105     0.4296  0.0733  -0.4193  -0.0813
167  100  106     0.6055  0.0946  -0.5831  -0.0705
168  104  105     0.4872  0.0260  -0.4847  -0.0257
169  105  106     0.0871  0.0394  -0.0870  -0.0521
170  105  107     0.2673  -0.0237  -0.2633  -0.0056
171  105  108     0.2396  -0.1113  -0.2377  0.0992
172  106  107     0.2401  -0.0374  -0.2367  0.0056
173  108  109     0.2177  -0.1092  -0.2170  0.1039
174  103  110     0.6060  0.0339  -0.5915  -0.0117
175  109  110     0.1370  -0.1339  -0.1360  0.1177
176  110  111    -0.3570  0.0096  0.3600  -0.0184
177  110  112     0.6946  -0.3061  -0.6800  0.2851
178   17  113     0.0206  0.0623  -0.0205  -0.0697
179   32  113     0.0411  -0.1734  -0.0395  0.1291
180   32  114     0.0936  0.0244  -0.0934  -0.0388
181   27  115     0.2074  0.0439  -0.2066  -0.0586
182  114  115     0.0134  0.0088  -0.0134  -0.0114
183   68  116     1.8413  -0.6635  -1.8400  0.5132
184   12  117     0.2015  0.0520  -0.2000  -0.0800
185   75  118     0.4023  0.2358  -0.3989  -0.2355
186   76  118    -0.0686  -0.0969  0.0689  0.0855
